Parameters;1_precision-mean;1_precision-std;1_recall-mean;1_recall-std;1_f1-score-mean;1_f1-score-std;-1_precision-mean;-1_precision-std;-1_recall-mean;-1_recall-std;-1_f1-score-mean;-1_f1-score-std;macro avg_precision-mean;macro avg_precision-std;macro avg_recall-mean;macro avg_recall-std;macro avg_f1-score-mean;macro avg_f1-score-std;weighted avg_precision-mean;weighted avg_precision-std;weighted avg_recall-mean;weighted avg_recall-std;weighted avg_f1-score-mean;weighted avg_f1-score-std;accuracy-mean;accuracy-std;time-mean;time-std
kernel:rbf_gamma:scale_nu:0.05;0.33214723934008045;0.003126315735325695;0.9449350649350649;0.009634928307008527;0.4915209524429052;0.004630945521007412;0.7373409698670439;0.04279339250675222;0.07522123893805312;0.006174015396750838;0.13647413857936203;0.010675605584547842;0.5347441046035621;0.02295419365612418;0.510078151936559;0.00661346770046027;0.3139975455111336;0.007135072784560637;0.6046882604683357;0.02980330690002775;0.35994897959183675;0.006073238549547318;0.25270970264183157;0.008299554321369392;0.35994897959183675;0.006073238549547318;0.06596088409423828;0.006145385095723395
kernel:rbf_gamma:scale_nu:0.1;0.3347942609990486;0.004938437939951609;0.8981818181818181;0.019185647078046125;0.487763474993022;0.007908745762396667;0.7278905830503406;0.03817602106373957;0.13147914032869784;0.007731420910958616;0.22257966469730067;0.011406027348043633;0.5313424220246945;0.021535032869584022;0.5148304792552582;0.00991282954160498;0.35517156984516135;0.007853473786969616;0.599198334759739;0.02727923169797378;0.3824829931972789;0.007670049172639229;0.30939579306792375;0.008801519207718324;0.3824829931972789;0.007670049172639229;0.11414215564727784;0.005016694870670662
kernel:rbf_gamma:scale_nu:0.15;0.3359762337058029;0.0050903284858694366;0.8516883116883116;0.020793826035974457;0.48184108957647254;0.008117805069277721;0.7154445242127393;0.02499672380417283;0.18078381795195955;0.012616915246396609;0.2883655671566566;0.016200490760185027;0.525710378959271;0.015010643358409601;0.5162360648201356;0.009569590996348885;0.3851033283665646;0.009384613624493028;0.5912138338682065;0.018456182007875365;0.4004251700680272;0.008292015437443939;0.35170576794885827;0.011448648223585052;0.4004251700680272;0.008292015437443939;0.15188007354736327;0.003454083692087178
kernel:rbf_gamma:scale_nu:0.2;0.33643558958769004;0.007186267589878399;0.8041558441558442;0.025744439882314504;0.474370722879082;0.01129997334206175;0.7061866137077463;0.02793626263938854;0.22819216182048044;0.011713688379164094;0.34470805370107405;0.014129265110672912;0.5213111016477181;0.017544456465435145;0.5161740029881623;0.012960734764814755;0.40953938829007797;0.010307630297880893;0.5851371712874898;0.02113081471954069;0.4167517006802721;0.010242628440203287;0.38715714182482663;0.011203121780666986;0.4167517006802721;0.010242628440203287;0.3274651527404785;0.07757007012558913
kernel:rbf_gamma:scale_nu:0.25;0.3360524109153354;0.007300936404620194;0.7516883116883117;0.02556034202627023;0.46443336215985076;0.011599882750808711;0.697087609604266;0.020707170175376457;0.27737041719342603;0.010085294905273897;0.39666986530248466;0.010993446417120111;0.5165700102598006;0.01399572968069264;0.5145293644408688;0.012243976266474643;0.43055161373116774;0.008928968722085321;0.5788915624144375;0.016311933450075658;0.43265306122448977;0.009045636834674964;0.4188543434403128;0.009114827065302034;0.43265306122448977;0.009045636834674964;0.340582275390625;0.1007409492990251
kernel:rbf_gamma:scale_nu:0.3;0.3416557752794055;0.006219408709599343;0.707012987012987;0.02184908139720841;0.4606531390836176;0.009844339572353422;0.7029641011994724;0.013735007176441102;0.3370417193426043;0.011506508473307473;0.45547261316199084;0.010868922053222067;0.5223099382394389;0.009959040511356014;0.5220273531777956;0.0097019123836993;0.45806287612280433;0.00773176229436324;0.5846786373565933;0.011260386650588027;0.45816326530612245;0.007726405912653435;0.45716861867204717;0.00831467951496981;0.45816326530612245;0.007726405912653435;0.28965752124786376;0.008656469239920762
kernel:rbf_gamma:scale_nu:0.35;0.3421905215820087;0.006553624341155245;0.6623376623376624;0.024586305592102307;0.45119991024868067;0.011100903669181752;0.6987068538634446;0.012538082793379361;0.3805309734513274;0.010667521168004544;0.4925581529045361;0.008499728553926398;0.5204486877227266;0.009537783004217466;0.5214343178944949;0.009781216956598154;0.4718790315766085;0.006620211364321463;0.5819901974617842;0.010572471375964421;0.4727891156462586;0.0065094078942192594;0.4790182520350596;0.0064383097336858175;0.4727891156462586;0.0065094078942192594;0.3679705858230591;0.006309002844794986
kernel:rbf_gamma:scale_nu:0.4;0.34048436621333356;0.005244151480747729;0.6116883116883117;0.01800470319545286;0.4374183299643212;0.0082802871239783;0.6914619910854356;0.007832494535563717;0.42338811630847023;0.011852043826305192;0.5250804705398855;0.009428681564572806;0.5159731786493845;0.0065271946815605225;0.517538213998391;0.007122671608826073;0.48124940025210333;0.006131976141192724;0.5765586019904021;0.006975947130519304;0.4850340136054421;0.006376984101786629;0.49638155547050433;0.0067833603341006625;0.4850340136054421;0.006376984101786629;0.6248906373977661;0.14294787343611795
kernel:rbf_gamma:scale_nu:0.45;0.3416152339922682;0.008913857489834474;0.5592207792207791;0.028854559366276247;0.42404528993141694;0.014833611233607387;0.6895310821420835;0.011053266078554554;0.47585335018963343;0.01211544733320955;0.5629388428246376;0.007936663652908226;0.5155731580671759;0.00997865431526007;0.5175370647052062;0.011207651689882813;0.49349206637802734;0.00804310835161109;0.5756300604263701;0.010348696283792707;0.5031462585034013;0.007114964165224139;0.5174677391988809;0.006836585249870641;0.5031462585034013;0.007114964165224139;0.4583847999572754;0.02569102076747698
kernel:rbf_gamma:scale_nu:0.5;0.3468510277080399;0.010743036598820588;0.507012987012987;0.027556960436103558;0.4118117686979173;0.01611410978435193;0.6908022724430732;0.01057512892476092;0.5356510745891276;0.012743588583877212;0.6032881544084104;0.008843002015711083;0.5188266500755565;0.010648800728771798;0.5213320308010573;0.01209619851435212;0.5075499615531639;0.009968401201018039;0.5781991863691041;0.010621017982602099;0.5262755102040817;0.008986691302963538;0.5406024328960467;0.008737029207758136;0.5262755102040817;0.008986691302963533;0.49290506839752196;0.009270728692564933
kernel:rbf_gamma:scale_nu:0.55;0.35556797778747984;0.01324520037580419;0.45948051948051943;0.023590650814876962;0.4008183844593104;0.016723798381784283;0.6933993517878183;0.009818702895986695;0.5948166877370418;0.01303130728703432;0.6402636260990858;0.009946845256543742;0.5244836647876491;0.011522329351621577;0.5271486036087807;0.012797241871080067;0.5205410052791982;0.011807345725842458;0.5827997948234218;0.010931539364280152;0.5505102040816328;0.01099013225945816;0.5618738148479689;0.010684601595415727;0.5505102040816328;0.01099013225945816;0.7535574674606323;0.1873173432842147
kernel:rbf_gamma:scale_nu:0.6;0.3630040977903259;0.01320976693581074;0.408051948051948;0.019313570332489653;0.3841145863229104;0.014935854458402167;0.693363707296414;0.007767741423634939;0.6514538558786346;0.013686923802669722;0.6716972258132928;0.009557947458852854;0.5281839025433699;0.010469965185022674;0.5297529019652913;0.011088823296009643;0.5279059060681016;0.010781308534722608;0.5852102637081115;0.009531178324533554;0.5717687074829931;0.010471275019634116;0.5775481474087034;0.009918807100304364;0.5717687074829931;0.010471275019634116;0.5613390207290649;0.00807085180096221
kernel:rbf_gamma:scale_nu:0.65;0.37149933574227856;0.015997281933631424;0.3602597402597402;0.017387083606420328;0.3657290659877309;0.01605657239121458;0.6931209564664764;0.007510101781696795;0.7032869785082175;0.011601265079406984;0.6981404206205781;0.008728858137862597;0.5323101461043775;0.011739815862908877;0.5317733593839788;0.011590032519078784;0.5319347433041545;0.01166637833543771;0.587828163967483;0.010274679178281202;0.5909863945578232;0.010742592991397125;0.5893152747586341;0.01041326227104483;0.5909863945578232;0.010742592991397125;0.8089332342147827;0.19880010697045958
kernel:rbf_gamma:scale_nu:0.7;0.3728734264265453;0.011123785708659331;0.3093506493506494;0.012853862890034935;0.33803655509403285;0.01068178694165802;0.6895482810749602;0.003969201015822816;0.7466498103666245;0.011464762628323277;0.7169288132328667;0.00647319067037632;0.5312108537507528;0.007512131344538966;0.5280002298586369;0.0066100647093288115;0.5274826841634497;0.006927816128963024;0.5858749655650625;0.00627526537436778;0.6034863945578233;0.007094609484223193;0.5928867049136056;0.006253663425841443;0.6034863945578233;0.007094609484223193;0.6214620113372803;0.0046278360081376795
kernel:rbf_gamma:scale_nu:0.75;0.39332044583642434;0.01579295522069046;0.2651948051948052;0.012317824105329223;0.3166837638275549;0.01256188154023393;0.6912553015021041;0.004279594550493623;0.8007585335018963;0.01008529490527389;0.7419680808974412;0.006025329005674473;0.5422878736692642;0.009988069617331377;0.5329766693483508;0.007596876721718481;0.529325922362498;0.00831498666135697;0.5937171047067922;0.00799585835569443;0.6254251700680272;0.0075699378464136186;0.6027380961424188;0.007175893668250102;0.6254251700680272;0.0075699378464136186;0.8509653806686401;0.2218591802556793
kernel:rbf_gamma:scale_nu:0.8;0.4069720167487899;0.012953152737168475;0.21480519480519478;0.011734396881118454;0.28100737035810264;0.011418824882822587;0.6892202981443878;0.0025846777095090024;0.8475347661188369;0.009463953108577953;0.7601995932183507;0.004348123573402511;0.5480961574465887;0.007665008854857171;0.5311699804620159;0.004815660366137115;0.5206034817882268;0.0060325720386847255;0.5968175869732099;0.005859805645619727;0.640391156462585;0.005065772451906972;0.6033211869248171;0.004659127695729128;0.640391156462585;0.005065772451906972;0.6610188007354736;0.01214048376346113
kernel:rbf_gamma:scale_nu:0.85;0.41270828982712005;0.012515559047654454;0.15844155844155844;0.012015619227241954;0.22876067928357763;0.013459388170559512;0.6848965109143904;0.0020961071932172884;0.8902654867256639;0.00768580741014952;0.7741749482790177;0.002913368053706485;0.5488024003707552;0.007188171132311173;0.524353522583611;0.004027245331312861;0.5014678137812976;0.00649915403117093;0.5957872718679627;0.005369127829091108;0.6506802721088436;0.0034183250411975907;0.5956167054531295;0.00432441695690576;0.6506802721088436;0.0034183250411975907;0.8857250213623047;0.2324827962213871
kernel:rbf_gamma:scale_nu:0.005;0.32874531866228285;0.001192786149391592;0.9927272727272726;0.004617243853150956;0.4939249544825878;0.0018721735149856815;0.7965828031617506;0.09969871138506546;0.013400758533501898;0.002477360043269965;0.026343996846845557;0.004818949618895493;0.5626640609120167;0.05043940325969488;0.5030640156303873;0.0026757421267882176;0.2601344756647167;0.0029076769423371698;0.6434217219268057;0.0674455677371026;0.33401360544217684;0.002306914960246694;0.1794210960728326;0.003527501302998347;0.33401360544217684;0.002306914960246694;0.01953589916229248;0.000906909885629466
kernel:rbf_gamma:scale_nu:0.01;0.3281429151565172;0.001439347598431666;0.9857142857142858;0.006173955492989463;0.4923743808494533;0.002370012395586399;0.7266877130437502;0.0868907669410082;0.01769911504424779;0.0017878806098269224;0.03454089308166391;0.0034302498011562535;0.5274153141001336;0.04416135142731728;0.5017067003792668;0.003213807846792088;0.26345763696555863;0.002288796383398282;0.5962117375449536;0.058913153036150606;0.33460884353741494;0.0023519246064522643;0.1844268563389759;0.0025906988988530686;0.33460884353741494;0.0023519246064522643;0.023769021034240723;0.00104525050217231
kernel:rbf_gamma:scale_nu:0.015;0.3289483950445359;0.0013223135192860197;0.9812987012987013;0.005900164515117169;0.4927258519228845;0.002212902749473966;0.743217231757905;0.06142666419294894;0.02566371681415929;0.0013906447534766117;0.049598822041507507;0.002602179614578804;0.5360828134012204;0.0313662839261478;0.5034812090564303;0.002937384962117871;0.271162336982196;0.0017692804526711437;0.6075935054529329;0.0417442139651967;0.33852040816326534;0.0020283776261694887;0.19467017110981544;0.0019432377335268027;0.33852040816326534;0.0020283776261694887;0.0291853666305542;0.0028946872929334457
kernel:rbf_gamma:scale_nu:0.02;0.3292104641818363;0.0013144359002195572;0.9755844155844156;0.006988895608869463;0.49229450254297563;0.0023084694820059183;0.7367724279604688;0.04830968011943081;0.03249051833122629;0.0029405065359324927;0.06219538392398131;0.0053492952903867515;0.5329914460711527;0.024801062205600303;0.5040374669578209;0.0029033295571847966;0.27724494323347854;0.0025616709899026744;0.6033444041043688;0.03291703425234293;0.34124149659863945;0.0019778407057165037;0.20300164299567588;0.0034383854913498523;0.34124149659863945;0.0019778407057165037;0.03236370086669922;0.0006623617060747797
kernel:rbf_gamma:scale_nu:0.025;0.32991149515484036;0.0018584383038113626;0.9701298701298701;0.00945468816789678;0.49237739057674557;0.0032328589210559905;0.7431785064327758;0.05318083983074462;0.040960809102402025;0.0035398230088495575;0.0775797776165476;0.006255344055374944;0.5365450007938082;0.027512808114883706;0.505545339616136;0.004076075664821006;0.28497858409664656;0.003112076277071213;0.6078827586929755;0.03637431189035988;0.3451530612244898;0.0027277236279498952;0.21337661519280288;0.00405410587580939;0.3451530612244898;0.0027277236279498952;0.03809578418731689;0.0013835020930677232
kernel:rbf_gamma:scale_nu:0.03;0.33042350558413613;0.0018383431627207953;0.9657142857142856;0.009564650721829597;0.49237520511952065;0.003227128932494691;0.7442118569305706;0.04583928953535214;0.04753476611883691;0.0036727785199327312;0.08929552715255529;0.0063691624605897714;0.5373176812573532;0.023830229234348927;0.5066245259165614;0.004012024974791439;0.2908353661360379;0.0030798027136040326;0.6087454323826307;0.03142848228025597;0.3481292517006803;0.0026401657646700698;0.221256136010788;0.004074016492113062;0.3481292517006803;0.0026401657646700698;0.04222192764282227;0.0011944276224583304
kernel:rbf_gamma:scale_nu:0.035;0.3313294946113965;0.0019856697110314644;0.9612987012987013;0.008250587103516154;0.4928036432312023;0.0032501278774277474;0.7493300227560517;0.04060269619130542;0.05575221238938053;0.002428492125448616;0.10375643239556934;0.004306647354453671;0.5403297586837241;0.021290047512344604;0.5085254568440409;0.004298374333972231;0.29828003781338586;0.0030388656961020553;0.6124846117563134;0.0279574432999476;0.3522108843537415;0.003154292005270638;0.23112307880009206;0.003353659099168866;0.3522108843537415;0.003154292005270638;0.04754745960235596;0.0024257756560909266
kernel:rbf_gamma:scale_nu:0.04;0.33146107395778734;0.0026365374034999223;0.9532467532467533;0.010389610389610393;0.4918829231443785;0.004219977573305672;0.7401831074381966;0.046573671966591165;0.06422250316055626;0.00414695814585505;0.1181434873687782;0.007226028299134156;0.5358220906979919;0.024601302646764935;0.5087346282036547;0.005666236862432992;0.3050132052565783;0.004804782188526453;0.6063752988583008;0.03218693128015788;0.35527210884353744;0.004480251657251522;0.24049865979531404;0.005517855097345034;0.35527210884353744;0.004480251657251522;0.05178945064544678;0.0027707637687741293
kernel:rbf_gamma:scale_nu:0.045;0.33191179851779606;0.0030200038663150417;0.9496103896103897;0.009662896227396509;0.49189215309500645;0.004489477305776762;0.7398032557345253;0.04485608037279387;0.06965865992414666;0.00645744262408199;0.12727298639930368;0.011194589907945317;0.5358575271261607;0.023926322487709654;0.5096345247672681;0.006420398695767511;0.3095825697471551;0.007199960523733152;0.606267362002858;0.031151816404738263;0.3577380952380952;0.005952988307206515;0.24664235644849208;0.0085137198778089;0.3577380952380952;0.005952988307206515;0.056044793128967284;0.001727442239799572
kernel:rbf_gamma:scale_nu:0.05;0.33214723934008045;0.003126315735325695;0.9449350649350649;0.009634928307008527;0.4915209524429052;0.004630945521007412;0.7373409698670439;0.04279339250675222;0.07522123893805312;0.006174015396750838;0.13647413857936203;0.010675605584547842;0.5347441046035621;0.02295419365612418;0.510078151936559;0.00661346770046027;0.3139975455111336;0.007135072784560637;0.6046882604683357;0.02980330690002775;0.35994897959183675;0.006073238549547318;0.25270970264183157;0.008299554321369392;0.35994897959183675;0.006073238549547318;0.0627441644668579;0.005608414251223208
kernel:rbf_gamma:scale_nu:0.055;0.3326308310800477;0.0034434725239298677;0.9412987012987012;0.01103208341901055;0.4915542032309094;0.005103959779772977;0.7390219427281739;0.043661300301064535;0.08078381795195955;0.007531413910799736;0.14557020960982314;0.012655329933521597;0.5358263869041108;0.02353353859180003;0.5110412596253304;0.007238067540629631;0.3185622064203663;0.008113406794557609;0.6059772335576563;0.030481930042148858;0.3625;0.006749901232131347;0.2588387789500597;0.00960353361415135;0.3625;0.006749901232131347;0.06680402755737305;0.003390835201923826
kernel:rbf_gamma:scale_nu:0.06;0.3321630811306361;0.0034425930643893973;0.9348051948051946;0.011642044068059729;0.49015489802692025;0.005191264796101436;0.7291433882094244;0.04165965428916072;0.08520859671302149;0.007266805493400716;0.15250790971139191;0.012084826497238072;0.5306532346700302;0.02254145048644988;0.5100068957591082;0.007216448514107544;0.32133140386915604;0.007742094114977404;0.5991795972014876;0.029141525166227197;0.36335034013605444;0.0065432002051736835;0.2630471023146899;0.009146752706468055;0.36335034013605444;0.0065432002051736835;0.1011798620223999;0.029634372604002025
kernel:rbf_gamma:scale_nu:0.065;0.33333118067480216;0.0033754303212364047;0.9306493506493506;0.0113247944709567;0.4908501314904319;0.005107804460798866;0.7364296532833604;0.0377120731016858;0.09405815423514538;0.006475979001196308;0.16675038480490736;0.010640551726749886;0.5348804169790813;0.020532047091177667;0.512353752442248;0.007029241823863456;0.3288002581476696;0.0070934095620226205;0.6044628914174635;0.026462910237284403;0.3679421768707483;0.006226092689790976;0.2728544685412398;0.008225694737033043;0.3679421768707483;0.006226092689790976;0.13905515670776367;0.0023624301423216818
kernel:rbf_gamma:scale_nu:0.07;0.3334517769950244;0.0029795299785693656;0.9262337662337663;0.012358833509995141;0.4903615062940424;0.00475444040834764;0.7346712471336885;0.03247392147551557;0.0988621997471555;0.007057034506676542;0.17416213584962886;0.01102643525668806;0.5340615120643564;0.01770574077804005;0.5125479829904608;0.00618780517959731;0.3322618210718356;0.006389509933539665;0.6033196348859113;0.022803663923497475;0.3697278911564626;0.00529400762458279;0.2776797868879785;0.00785098860476951;0.3697278911564626;0.00529400762458279;0.14881560802459717;0.005417928913782788
kernel:rbf_gamma:scale_nu:0.075;0.33439345374614626;0.004002540487069943;0.9223376623376621;0.014295156265783914;0.4908296567753629;0.006181360627112607;0.7389446715646237;0.04005732880582665;0.10644753476611883;0.0073455570398654624;0.1859944168405466;0.011663208958547363;0.5366690626553849;0.022014433882818787;0.5143925985518907;0.008255689103211493;0.33841203680795473;0.0077886049470668765;0.6065023085883363;0.028243033917038765;0.3735544217687075;0.007033192000595983;0.28579166800968286;0.008983408111881074;0.3735544217687075;0.007033192000595983;0.10901114940643311;0.033879755511000094
kernel:rbf_gamma:scale_nu:0.08;0.33496472021726237;0.003851358220305064;0.9187012987012986;0.014603317191553873;0.49092650153882794;0.006065733224697164;0.7405694373485939;0.03645254067896386;0.1122629582806574;0.006965854520331685;0.1948680267593787;0.01077760020709777;0.5377670787829281;0.02013125632092276;0.5154821284909781;0.00789880778171137;0.3428972641491033;0.00707213457669951;0.6077821787639317;0.025765290001496646;0.3762755102040816;0.00648993942282047;0.29179193219312693;0.008177314603266664;0.3762755102040816;0.00648993942282047;0.08991527557373047;0.004388427836962965
kernel:rbf_gamma:scale_nu:0.085;0.33535424297961847;0.003874086659077383;0.9148051948051948;0.01431166474177238;0.4907867917843148;0.006083693163984733;0.7403005438663618;0.03479180096851671;0.11757269279393175;0.006270339705505562;0.2028368108284862;0.009722263073282132;0.53782739342299;0.01931588132060329;0.5161889437995633;0.007906509317762477;0.34681180130640055;0.006753494078848631;0.6077288382189161;0.024658155045033398;0.3785714285714286;0.006406397347563722;0.29710614983188244;0.007611813872768199;0.3785714285714286;0.006406397347563722;0.09370267391204834;0.003113358553850485
kernel:rbf_gamma:auto_nu:0.05;0.3300365091271001;0.0020416867201265582;0.9355844155844156;0.007046576605844437;0.4879427817409946;0.0029909538431847358;0.7066871238027992;0.02582739084093925;0.07560050568900126;0.0060840502733329775;0.13653259876569598;0.01020440974370869;0.5183618164649497;0.013931538893118066;0.5055924606367084;0.004295283050100824;0.31223769025334525;0.0059014315266121406;0.5833788868553976;0.01803836352010608;0.35714285714285715;0.004385645223886951;0.251577599144514;0.007337929880086886;0.35714285714285715;0.004385645223886951;0.0814659833908081;0.0042656497787374945
kernel:rbf_gamma:auto_nu:0.1;0.33213986860815425;0.0048985265132350485;0.888051948051948;0.014389235308534594;0.48345406847716166;0.007095834651757219;0.706001997024529;0.03589458446881417;0.1308470290771176;0.010180720316201387;0.2206726273904435;0.01561094944489736;0.5190709328163416;0.020380860185470865;0.5094494885645328;0.00977181324488912;0.3520633479338026;0.010483122397472308;0.5836066573644064;0.025736115683338622;0.3787414965986395;0.009207263730366774;0.3067022658414525;0.012153084085743907;0.3787414965986395;0.009207263730366774;0.12523949146270752;0.006560819360096253
kernel:rbf_gamma:auto_nu:0.15;0.33119426279552655;0.004479651764485987;0.8374025974025974;0.01727614456967881;0.4746460069911073;0.00707075074305694;0.6915221092519224;0.023064899250105013;0.17699115044247785;0.009661174803814314;0.2816923430533671;0.012694636980261492;0.5113581860237245;0.013762429125621768;0.5071968739225376;0.00850517771131346;0.37816917502223724;0.007844211923471508;0.5735576357096499;0.01697341006666823;0.39319727891156464;0.007187260751399814;0.34486169731869876;0.009271955326080793;0.39319727891156464;0.007187260751399814;0.16592540740966796;0.006347287191238663
kernel:rbf_gamma:auto_nu:0.2;0.3346819766792529;0.004804412826010404;0.792987012987013;0.017152692967375652;0.4706789440798479;0.007174325213720881;0.6980372187831423;0.016543993207331704;0.23274336283185842;0.01286093993631961;0.3489003902158737;0.015086801218780041;0.5163595977311977;0.010654075823466272;0.5128651879094357;0.008427222664586764;0.4097896671478608;0.009018778559375159;0.5790816335705594;0.01268578392528694;0.4161564625850341;0.008228551294831929;0.3887683691594367;0.010894069875929988;0.4161564625850341;0.008228551294831929;0.21547276973724366;0.00814453385538705
kernel:rbf_gamma:auto_nu:0.25;0.3333679381423482;0.007998295344707019;0.7428571428571429;0.024804854828703017;0.46018209071761484;0.01200607114256993;0.6892544807063319;0.02171132832096801;0.27711757269279397;0.012371307026776312;0.39513467836929916;0.014099577880630362;0.5113112094243402;0.014843072924794793;0.5099873577749684;0.013247635877705078;0.42765838454345706;0.011034246547408519;0.5727440054621706;0.017213025169286925;0.4295918367346939;0.010980917317930562;0.41642996217380723;0.011709586198299078;0.4295918367346939;0.010980917317930562;0.444362735748291;0.054080195574068776
kernel:rbf_gamma:auto_nu:0.3;0.3322649058105239;0.0072552943762618245;0.6984415584415584;0.022022849570110626;0.45027998303998035;0.010839229927555837;0.6837023268952273;0.016149208433146014;0.3169405815423515;0.011476606034676482;0.4329763466338258;0.012018952618225538;0.5079836163528755;0.011695073845979037;0.507691069991955;0.011351030430331489;0.44162816483690304;0.00945035831022624;0.5686484092782111;0.013231922063550318;0.44183673469387763;0.009447581232878336;0.43864122760012636;0.009946352739073927;0.44183673469387763;0.009447581232878336;0.3247408866882324;0.07838773933803932
kernel:rbf_gamma:auto_nu:0.35;0.3301737335063269;0.008064577690031612;0.6464935064935066;0.026954231805876017;0.4370614056289249;0.01290127689953876;0.6781545548367067;0.014575253736729124;0.36194690265486723;0.011279953996811313;0.4718158466425268;0.009897848658381309;0.5041641441715168;0.011313451216232248;0.5042202045741868;0.011766852703237508;0.45443862613572594;0.00843871833065882;0.564232262139261;0.012438603071465663;0.45510204081632655;0.008329861834189425;0.46043790464402623;0.008164650975304005;0.45510204081632655;0.008329861834189425;0.3320633888244629;0.0074716984842599435
kernel:rbf_gamma:auto_nu:0.4;0.3282383816612549;0.008970803911498735;0.5906493506493506;0.023980652233940355;0.421941832399507;0.013228293101199568;0.6741727649795405;0.012930599741339905;0.4118836915297092;0.009269432505599683;0.5112684489860783;0.008694525096542978;0.5012055733203977;0.010947741059213645;0.50126652108953;0.012015166087991237;0.46660514069279263;0.009389946018249669;0.5609204371074827;0.011631783427136827;0.4704081632653061;0.00906161007126342;0.4820246161749983;0.008685522109668496;0.4704081632653061;0.00906161007126342;0.46427507400512696;0.1013503229490577
kernel:rbf_gamma:auto_nu:0.45;0.328582692377892;0.006881721531459866;0.543116883116883;0.020793826035974485;0.40940389623022744;0.010877712795698985;0.6742666977887227;0.008189219969361217;0.4600505689001264;0.009750917925802112;0.5468406167008353;0.0070570067517164315;0.5014246950833072;0.007533382044688805;0.5015837260085048;0.008482622738986348;0.4781222564655313;0.0064497657239756204;0.5610963388744628;0.007759383674354843;0.48724489795918363;0.0060487820557070665;0.501846452261053;0.005901885349568506;0.48724489795918363;0.0060487820557070665;0.614666199684143;0.1638889446321127
kernel:rbf_gamma:auto_nu:0.5;0.3289003033224704;0.007192194652490388;0.4945454545454545;0.020359395264691337;0.39501244922908085;0.011393848351408728;0.6743100920665287;0.006944807797688775;0.5091024020227559;0.00857530613507541;0.5801025923149105;0.005422812018710882;0.5016051976944996;0.007066916189838666;0.5018239282841052;0.008015611077501978;0.48755752077199566;0.006161266717602718;0.5612295064657953;0.007024392957192273;0.5043367346938774;0.005178704074348661;0.5195076049951448;0.005058905001971768;0.5043367346938774;0.005178704074348689;0.4918043613433838;0.0076134181973089516
kernel:rbf_gamma:auto_nu:0.55;0.3252861380480708;0.009478246747258058;0.44597402597402597;0.022585457359302206;0.3761160380862216;0.013940754871496874;0.6711366236046524;0.007701329425239852;0.5500632111251579;0.010324139763956672;0.6045200649732074;0.006772124308561349;0.4982113808263617;0.008588897342811125;0.49801861854959195;0.009642667351457152;0.4903180515297144;0.008145205146176254;0.557911762261724;0.008282244682705917;0.515986394557823;0.0069996991929444485;0.5297449371233014;0.00686446293179736;0.515986394557823;0.0069996991929444485;0.7442095518112183;0.18888634738696533
kernel:rbf_gamma:auto_nu:0.6;0.32467627580356784;0.010845870949000351;0.39584415584415583;0.017315151493505394;0.35670984088567226;0.013230900389653508;0.670891696569964;0.007234466539297537;0.5993678887484197;0.008730461021805086;0.6330882583027926;0.0070058787150359325;0.49778398618676584;0.009039605285738399;0.4976060222962877;0.009852039961375552;0.49489904959423237;0.00921635694272856;0.557547362390489;0.008416238494934601;0.5327380952380951;0.008325086159224846;0.5426072287912354;0.008150402445694163;0.5327380952380951;0.008325086159224846;0.559662127494812;0.005235368800905814
kernel:rbf_gamma:auto_nu:0.65;0.32397628557782;0.008736902042407473;0.3418181818181818;0.015807921095795267;0.3325806172156741;0.01147400024110442;0.6708867675964778;0.004519930350431466;0.6529709228824274;0.010212069798611565;0.6617646654019553;0.005970994178752528;0.4974315265871489;0.006626817494242389;0.4973945523503046;0.006759583376268698;0.4971726413088148;0.006649149845241199;0.5573148836022744;0.005898904663160636;0.5511054421768709;0.0060182218636804395;0.5539960781981134;0.00568689642802484;0.5511054421768709;0.0060182218636804395;0.7468063116073609;0.19955162900334492
kernel:rbf_gamma:auto_nu:0.7;0.32532265330622884;0.011206640391551233;0.29454545454545455;0.01837375499618431;0.30907625226302826;0.014952399646771598;0.6719045572972919;0.0045538425210123945;0.7030341340075853;0.008182362136679855;0.6870798915508566;0.004097405423704968;0.49861360530176035;0.007877953897972668;0.4987897942765199;0.007345051819441353;0.49807807190694237;0.00788852804526479;0.5584402434906939;0.006729483120071038;0.5693027210884354;0.00499099679960178;0.5633287001173414;0.0057828270763993885;0.5693027210884354;0.00499099679960178;0.6689061641693115;0.14825028714758956
kernel:rbf_gamma:auto_nu:0.75;0.330687721764392;0.014776834437265312;0.25168831168831163;0.01755698141934668;0.28568639479182784;0.016036366031251338;0.6737786070048621;0.00491648363755648;0.7522123893805309;0.011448021666418982;0.7107985873782338;0.0064127374553076474;0.5022331643846271;0.009845011898306543;0.5019503505344213;0.00837218561167466;0.4982424910850307;0.009304864174047285;0.561457186241613;0.008142820615894398;0.5883503401360544;0.007571847999824403;0.5716249529005413;0.007532893108029711;0.5883503401360544;0.007571847999824403;0.8035979270935059;0.21407314835552751
kernel:rbf_gamma:auto_nu:0.8;0.32196771287289666;0.0162006688643284;0.19662337662337664;0.018550983205889965;0.24398580653879082;0.018721564466819284;0.6714459395792325;0.004070732330309997;0.7989886219974716;0.008328530514286007;0.7296545803461315;0.003729249477999775;0.49670682622606455;0.01013260629141019;0.4978059993104241;0.007378942802897364;0.48682019344246114;0.009698270328814993;0.5570334248837058;0.008038407159083091;0.6017857142857143;0.005017006802721094;0.5706558746353949;0.006816207548265002;0.6017857142857143;0.005017006802721094;0.7202969074249268;0.144767098539988
kernel:rbf_gamma:auto_nu:0.85;0.32798318275552635;0.027350322571901595;0.14727272727272728;0.019918877475363996;0.20294492773800124;0.023215313129873634;0.672831447692362;0.004893020400993174;0.8534766118836915;0.012340909854550474;0.7524245844047269;0.006232026448366033;0.5004073152239441;0.016113689641083888;0.5003746695782094;0.009410171168598717;0.47768475607136407;0.012659983977883111;0.5599346942904218;0.012235855957172631;0.6222789115646259;0.00827761464193059;0.5725354110912154;0.009448612459441555;0.6222789115646259;0.00827761464193059;0.8779671669006348;0.23914609872287493
kernel:rbf_gamma:auto_nu:0.005;0.3275082336108363;0.0021928330957028896;0.9732467532467532;0.006260764048412444;0.49009357798414566;0.0031913639506845792;0.675128924359612;0.07710817978019337;0.027307206068268013;0.004804045512010114;0.05246962512742226;0.009053494264587292;0.5013185789852241;0.039644091175631925;0.5002769796575106;0.004839115161047027;0.271281601555784;0.005858234574614795;0.5613245315549532;0.05257806146147464;0.3369897959183673;0.004642732549224059;0.19573937159837337;0.006936202578239451;0.3369897959183673;0.004642732549224059;0.04457743167877197;0.004972551198087192
kernel:rbf_gamma:auto_nu:0.01;0.32741060009270384;0.0018453765804592817;0.9716883116883117;0.006514252573498419;0.4897863596448963;0.0028240049088244126;0.6741985436720987;0.05999752271025952;0.02844500632111252;0.003844982636092427;0.0545629658914778;0.007198436373974071;0.5008045718824012;0.030920160605846143;0.5000666590047121;0.004064644943269148;0.2721746627681871;0.0044987620159327715;0.5606667764288444;0.04095876059425361;0.33724489795918366;0.0036316592693984044;0.19704681503694224;0.005381260507977649;0.33724489795918366;0.0036316592693984044;0.049205565452575685;0.002204761537823833
kernel:rbf_gamma:auto_nu:0.015;0.3276589128899622;0.0015105887974474915;0.9696103896103894;0.004506325083869475;0.4897994348968361;0.0021603334318638294;0.679682398242645;0.04625637760495104;0.0316055625790139;0.004305786691763945;0.06037795080191962;0.008003977835529839;0.5036706555663036;0.02388105066549558;0.5006079760947018;0.0033204170106301903;0.27508869284937787;0.004753571724578875;0.5644366143474214;0.03160583967983252;0.3386904761904762;0.0034236092073465017;0.20096236523775532;0.005852534534979526;0.3386904761904762;0.0034236092073465017;0.052716755867004396;0.0024794883867415994
kernel:rbf_gamma:auto_nu:0.02;0.32768862799859744;0.0016243824832663577;0.964935064935065;0.005720185855985779;0.48923352203941717;0.0024286094682362913;0.6804165279165278;0.04310905330775111;0.03640960809102402;0.00444460071586522;0.06908793642931044;0.008166474088737389;0.5040525779575626;0.022364535741226516;0.5006723365130445;0.003553335927774315;0.2791607292343638;0.004755143308901654;0.5649401321100626;0.029526306371687964;0.3403911564625851;0.0034655924952916475;0.20663559838500012;0.005893755335660646;0.3403911564625851;0.0034655924952916475;0.05884311199188232;0.005592460522039586
kernel:rbf_gamma:auto_nu:0.025;0.3286924530282687;0.0013639772081305837;0.9628571428571429;0.006041404337461304;0.49008223372475407;0.002154146601937194;0.7039172130675369;0.031904622939169;0.04285714285714286;0.004395787269459852;0.08075069129350246;0.007875879591906377;0.5163048330479028;0.016630851156680653;0.5028571428571429;0.0029692415931990013;0.28541646250912833;0.004217243699261089;0.5810757737689668;0.0219038906088501;0.34404761904761905;0.002850859628272144;0.21475804149420985;0.00543552834917877;0.34404761904761905;0.002850859628272144;0.06108312606811524;0.0025111619758301953
kernel:rbf_gamma:auto_nu:0.03;0.328582569069265;0.0012922589335326229;0.9581818181818182;0.0063037200516943385;0.4893518802900482;0.002054399068938201;0.6983594317503398;0.02590908341609138;0.04702907711757269;0.0051134635691925875;0.08806361843291537;0.009030311976214692;0.5134710004098024;0.013595675063580863;0.5026054476496954;0.0027932319512549565;0.2887077493614818;0.00465589680053202;0.5773015302773689;0.017846651249220497;0.34532312925170067;0.00290736751654402;0.21943775177900054;0.006128038943543631;0.34532312925170067;0.00290736751654402;0.06407010555267334;0.005357931903996804
kernel:rbf_gamma:auto_nu:0.035;0.32904515179432803;0.0012634725070083948;0.9498701298701298;0.004354040159542913;0.48877284749958977;0.0018509285362178116;0.701117382817364;0.02149193604854408;0.0572692793931732;0.0037947739620236734;0.1058661293911058;0.006638697657233987;0.515081267305846;0.011375556703744688;0.5035697046316515;0.0027088681889957315;0.2973194884453478;0.003822660776578978;0.5793080214705368;0.014868075056078145;0.3494897959183674;0.0027685069040985877;0.23122249543852616;0.004766343773446564;0.3494897959183674;0.0027685069040985877;0.06825718879699708;0.0016283650178303619
kernel:rbf_gamma:auto_nu:0.04;0.3292537419784048;0.0017672456841707049;0.9433766233766233;0.007328174534891371;0.4881361929817877;0.002727704775872963;0.7010588989853298;0.028614950255567467;0.06460176991150443;0.005694617258940687;0.11824044955745358;0.009708193667249647;0.5151563204818673;0.015189139867929927;0.5039891966440637;0.0037783245489622624;0.3031883212696206;0.005317246808541329;0.5793369725842533;0.0198242016586205;0.35229591836734697;0.003746324961209289;0.23933727032137248;0.006778512570502209;0.35229591836734697;0.003746324961209289;0.07375159263610839;0.00465866031284111
kernel:rbf_gamma:auto_nu:0.045;0.3294947506231166;0.0018141337450581568;0.9374025974025972;0.009031344753617514;0.487595870095917;0.0030566965707863295;0.7022109065239079;0.025790270125776556;0.07155499367888749;0.005399281037689666;0.12980053726078986;0.008906302833959117;0.5158528285735122;0.013800496709351297;0.5044787955407425;0.0038480218654678446;0.3086982036783534;0.004557868695873596;0.5801907364373393;0.01793978430316512;0.3550170068027211;0.003254703947109635;0.24693591408181362;0.005971749033590172;0.3550170068027211;0.003254703947109635;0.07835421562194825;0.004614812557170086
kernel:rbf_gamma:auto_nu:0.05;0.3300365091271001;0.0020416867201265582;0.9355844155844156;0.007046576605844437;0.4879427817409946;0.0029909538431847358;0.7066871238027992;0.02582739084093925;0.07560050568900126;0.0060840502733329775;0.13653259876569598;0.01020440974370869;0.5183618164649497;0.013931538893118066;0.5055924606367084;0.004295283050100824;0.31223769025334525;0.0059014315266121406;0.5833788868553976;0.01803836352010608;0.35714285714285715;0.004385645223886951;0.251577599144514;0.007337929880086886;0.35714285714285715;0.004385645223886951;0.08219826221466064;0.002965990954448975
kernel:rbf_gamma:auto_nu:0.055;0.33017012362989984;0.0023252356879897747;0.9306493506493506;0.007967720337754792;0.4874147516011843;0.003465192347475528;0.7060441130869923;0.028188301478809536;0.08103666245259167;0.0058605951891273125;0.14533407898131817;0.009731069741384015;0.518107118358446;0.015249838420594915;0.5058430065509711;0.0048735809681374346;0.3163744152912512;0.005872153540864085;0.5829901284433012;0.019716504564392764;0.35918367346938773;0.004660608709539021;0.25732477537472676;0.007141730302378071;0.35918367346938773;0.004660608709539021;0.08692052364349365;0.003670733507873293
kernel:rbf_gamma:auto_nu:0.06;0.3304256918005455;0.0019270002021779648;0.9249350649350649;0.00791675358656009;0.4869039543545404;0.002962276402934527;0.7061639565101259;0.02136379466489387;0.0877370417193426;0.006172720918196561;0.15601207692339877;0.00996810719388391;0.5182948241553357;0.011640907946598696;0.5063360533272038;0.004012297731716088;0.3214580156389696;0.0054783160213763785;0.5831544055635371;0.014997488746463809;0.36181972789115646;0.003992978531249625;0.2643397748919273;0.0069653810587776985;0.36181972789115646;0.003992978531249625;0.15460448265075682;0.0319102449022653
kernel:rbf_gamma:auto_nu:0.065;0.3307792259341515;0.0021423399318254307;0.9197402597402595;0.008571428571428574;0.48656356141530743;0.0033023622100592656;0.7073324304097981;0.02275162547042587;0.09431099873577749;0.006275435472056055;0.16636017933377586;0.010007694724113787;0.5190558281719749;0.012440974449636561;0.5070256292380186;0.004443049280750538;0.3264618703745416;0.005621917288288124;0.5840560837064614;0.016000422632321064;0.36454081632653057;0.004269520479807216;0.27118866751522963;0.0070614010620083136;0.36454081632653057;0.004269520479807216;0.17475478649139403;0.0040235331511420435
kernel:rbf_gamma:auto_nu:0.07;0.3311722819315462;0.002862673000783361;0.9150649350649351;0.009995782547996813;0.4863298277655964;0.004260950900195603;0.708624510505129;0.027861047432985845;0.10050568900126422;0.007632596130530252;0.17595615343879153;0.012170160242065409;0.5198983962183376;0.015354962230385932;0.5077853120330997;0.005890636490217743;0.331142990602194;0.007227747010064525;0.5850538404363965;0.019672312909392534;0.36717687074829936;0.005727026612409095;0.27756658253387645;0.00885187120575015;0.36717687074829936;0.005727026612409095;0.15477702617645264;0.040244198056572686
kernel:rbf_gamma:auto_nu:0.075;0.33191648023791986;0.0031053499066063983;0.9124675324675324;0.010262205852019958;0.4867638274082819;0.004615864109182492;0.7135066490472226;0.02800797612509408;0.10606826801517066;0.007183854687825727;0.1846130210585422;0.011470744658466054;0.5227115646425713;0.015552272696989094;0.5092679002413515;0.006345433251361119;0.33568842423341205;0.007173864964885692;0.5885812961632249;0.01985230100549834;0.3700680272108844;0.00596209120508779;0.2835314398039927;0.008571839387421487;0.3700680272108844;0.00596209120508779;0.10197250843048096;0.0023017630252533386
kernel:rbf_gamma:auto_nu:0.08;0.3319690074170304;0.0033763803503962277;0.9072727272727275;0.011265064125818935;0.4860782425959318;0.005092009811347442;0.7118923840726104;0.03013608615409339;0.11137800252844501;0.00670037926675095;0.19255937855469787;0.010654478594031683;0.5219306957448204;0.016751675348136316;0.5093253649005861;0.006891814371835932;0.3393188105753148;0.007024988114895324;0.5875127071913193;0.02137232129378428;0.37193877551020404;0.006157777887833896;0.2886518638062923;0.008179136054405053;0.37193877551020404;0.006157777887833896;0.10766303539276123;0.003989811439258843
kernel:rbf_gamma:auto_nu:0.085;0.331707175802543;0.0038349474016968568;0.9012987012987013;0.012182898077463457;0.484936526694934;0.0057115975247398814;0.7076252007335984;0.03213102440668546;0.11618204804045511;0.007488851185648488;0.19952884005304572;0.011863860089819806;0.5196661882680707;0.017979502356326643;0.5087403746695782;0.0077772105944139275;0.3422326833739898;0.007977979583211057;0.5845567997145029;0.022865014921739524;0.37321428571428567;0.007037303175578429;0.2929658803227116;0.009222755001644808;0.37321428571428567;0.007037303175578429;0.11057074069976806;0.002136994133976267
kernel:sigmoid_gamma:scale_nu:0.05;0.3260650300205118;0.0022825033474932095;0.9446753246753247;0.01096153134857621;0.4847927185869409;0.003819521098674949;0.6503848932996472;0.04175941690298995;0.04968394437420986;0.005957962916787953;0.09221877056725371;0.01027922802128264;0.4882249616600795;0.02201614386639718;0.49717963452476727;0.004911219580870392;0.28850574457709727;0.0053604813949032805;0.5442087475832637;0.02883218783751441;0.34268707482993194;0.003988448775360066;0.22074000354988937;0.006942426727990226;0.34268707482993194;0.003988448775360066;0.09902737140655518;0.0051447647153653525
kernel:sigmoid_gamma:scale_nu:0.1;0.31947930171015293;0.0038975812136458694;0.8888311688311689;0.013234014756215067;0.4700133923430892;0.005952064079558909;0.5923579286493971;0.039523926744984283;0.07850821744627055;0.006818602558868167;0.13858102701028258;0.011361135678154655;0.45591861517977506;0.021704806122456167;0.48366969313871966;0.008055929484958143;0.30429720967668594;0.007707327924747942;0.5030226638776207;0.027856457554030833;0.3437925170068027;0.006940046735626094;0.2470856704228086;0.008848257914367481;0.3437925170068027;0.006940046735626094;0.18577606678009034;0.0059475558738135
kernel:sigmoid_gamma:scale_nu:0.15;0.3153178185324565;0.005292769317327341;0.834805194805195;0.015020085501091867;0.4577346001644428;0.007664918092462925;0.59368296582645;0.034808343183445355;0.11769911504424777;0.010262029771722213;0.19637754893385423;0.015955287296355997;0.45450039217945315;0.020015350509089175;0.4762521549247213;0.01040553706073066;0.32705607454914853;0.010924188078557197;0.5025515187956782;0.02512078959285848;0.35246598639455773;0.009712135211383756;0.2819408692772017;0.012553434303215504;0.35246598639455773;0.009712135211383756;0.30001230239868165;0.05570806818671315
kernel:sigmoid_gamma:scale_nu:0.2;0.3129631692242275;0.0040974336101121875;0.7794805194805196;0.012642175089493985;0.446602427561886;0.005967285064411825;0.6087542806075688;0.01866003438602796;0.1671302149178255;0.009591442092738635;0.2621772615909418;0.013169929424019768;0.46085872491589813;0.011338325482160018;0.47330536719917254;0.007593967306577284;0.3543898445764139;0.008305196635245088;0.5119179048570701;0.013863385486730296;0.3676020408163265;0.0073548277435948025;0.32255454806952477;0.009849223689632513;0.3676020408163265;0.0073548277435948025;0.5174962997436523;0.10633166629143187
kernel:sigmoid_gamma:scale_nu:0.25;0.31029113026476196;0.004845088181585884;0.7290909090909091;0.016055646192753868;0.43530164558971657;0.007302164842902575;0.6156446295593511;0.01583295761529865;0.21125158027812896;0.01088186450215187;0.31445128069518674;0.013428251824236908;0.46296787991205646;0.010272724574512511;0.470171244684519;0.00834478378928191;0.37487646314245165;0.00837175732210325;0.515677710147432;0.012186453396024829;0.38078231292517006;0.0077264059126534385;0.3540153882499436;0.009878179861076503;0.38078231292517006;0.0077264059126534385;0.43362200260162354;0.008250826706495034
kernel:sigmoid_gamma:scale_nu:0.3;0.309101859227561;0.004271510296607447;0.6825974025974026;0.01363574519314981;0.42549870460379946;0.006230853984168413;0.6248376092445426;0.011691045072112478;0.25739570164348924;0.011253710788504625;0.3644985334678069;0.012640675095023453;0.4669697342360518;0.007937056812620387;0.469996552120446;0.007055052457859015;0.39499861903580324;0.007634529276756832;0.5214717387032689;0.009228498812922497;0.3965986394557823;0.007227390939073391;0.38446882758970924;0.00916818479298992;0.3965986394557823;0.007227390939073391;0.5710158109664917;0.1266364581543498
kernel:sigmoid_gamma:scale_nu:0.35;0.3111913741546771;0.006692734598613595;0.6340259740259739;0.015733057372371753;0.41744164801467887;0.008618512026609022;0.6398655247775507;0.014433654915092901;0.3168141592920354;0.016706880947339357;0.4236476218526516;0.01749444596641876;0.47552844946611394;0.01053564812957944;0.4754200666590047;0.010348922847981126;0.42054463493366534;0.011449411063890783;0.5322638683236336;0.011877894915731784;0.42066326530612247;0.011453106256669333;0.4216159042271248;0.013346895117388872;0.42066326530612247;0.011453106256669333;0.6566072225570678;0.1673551948851237
kernel:sigmoid_gamma:scale_nu:0.4;0.3082470199750462;0.009684192015118403;0.5794805194805195;0.02338960678410957;0.4023889692295734;0.013414663930117116;0.6420891003967134;0.015718968785308457;0.36713021491782555;0.014482936527554679;0.4670383368339171;0.014330224160883948;0.47516806018587987;0.012690672690533613;0.47330536719917254;0.013596794175114117;0.4347136530317452;0.012045061997833778;0.5327955621634295;0.013734419377738399;0.4366496598639456;0.012235741568995926;0.44587336529678084;0.012455453977571793;0.4366496598639456;0.012235741568995926;0.6141250848770141;0.0389288755851224
kernel:sigmoid_gamma:scale_nu:0.45;0.31136376780954833;0.009839787612084672;0.5358441558441559;0.021357220842256334;0.3938302566359334;0.013231677060854681;0.6520284735178907;0.01272369272216568;0.4232616940581543;0.01265233476935201;0.5132345856888068;0.011970920219311917;0.48169612066371953;0.011273449961745617;0.47955292495115504;0.012586517723619696;0.4535324211623701;0.011132797730928174;0.5405013377205167;0.011772564107984402;0.46011904761904765;0.011187387142655013;0.47414388272506847;0.011075010684881655;0.46011904761904765;0.011187387142655013;0.8210433721542358;0.20810614737192076
kernel:sigmoid_gamma:scale_nu:0.5;0.313826601019028;0.012789699271066107;0.48545454545454547;0.025645980380253765;0.38115749736342885;0.016870224111893106;0.6588715857765153;0.012997944919221158;0.48356510745891274;0.013828652646284113;0.5576817255718598;0.012134390254276567;0.4863490933977717;0.012890237183611734;0.4845098264567292;0.014633014400207936;0.4694196114676442;0.012890916525217032;0.5459104300523379;0.012926620465437976;0.48418367346938773;0.012596519855198106;0.49989105562267105;0.012181709852755875;0.48418367346938773;0.012596519855198106;0.7799885272979736;0.16172598498729024
kernel:sigmoid_gamma:scale_nu:0.55;0.31363963576991905;0.008878791092260535;0.4387012987012987;0.023447223836020773;0.36569652752580517;0.013895108471281723;0.6612937725126371;0.0069985105895526475;0.5331226295828065;0.010698191149451341;0.5902383572897;0.006349925972406976;0.48746670414127813;0.007934737124997131;0.48591196414205273;0.008887560514238821;0.4779674424077525;0.007176721497142409;0.5474784301266282;0.0076104844575167465;0.5022108843537415;0.005832118435198046;0.5167276392122344;0.00573651386434715;0.5022108843537415;0.005832118435198046;0.8595331907272339;0.20408836919835205
kernel:sigmoid_gamma:scale_nu:0.6;0.3143062524736757;0.010276901074765945;0.387012987012987;0.021355641341396846;0.3468151000348395;0.014503789174965425;0.6639829482148035;0.006790808658878562;0.5893805309734513;0.010047189120761317;0.6244003566597163;0.006317180816586878;0.4891446003442397;0.008529115344660651;0.4881967589932191;0.009276664303807431;0.48560772834727794;0.008358270423993657;0.5495054585376487;0.007927597561450733;0.5231292517006803;0.006906102212328885;0.533524230978953;0.006857487815627483;0.5231292517006803;0.006906102212328885;0.9856921195983886;0.2269297850335968
kernel:sigmoid_gamma:scale_nu:0.65;0.31506234135294947;0.012827074155607169;0.3374025974025974;0.021961495920964132;0.325755703178812;0.016715809912818274;0.6661586992289206;0.0067334564244643244;0.6433628318584071;0.01035505505927951;0.6545078799872894;0.006462873011183569;0.490610520290935;0.009776752929822765;0.4903827146305022;0.010020497132680784;0.4901317915830507;0.009755361055193772;0.5512164392100015;0.008724924180049623;0.5431972789115647;0.007670049172639226;0.5468806792464188;0.00787034695733529;0.5431972789115647;0.007670049172639226;0.8393080234527588;0.012052876534841706
kernel:sigmoid_gamma:scale_nu:0.7;0.31312550704351627;0.01748209105538986;0.292987012987013;0.0254174126186495;0.30257550823679813;0.021175867036679185;0.6665717382920116;0.0075629668693454055;0.6877370417193427;0.011886381060473477;0.6769254346274078;0.0073641571996328325;0.48984862266776397;0.012518453067875183;0.49036202735317785;0.011978008558084726;0.48975047143210293;0.01237575163414818;0.5508601744904208;0.010806140347599939;0.5585034013605442;0.009282349693194008;0.5543703992019106;0.009839478053885846;0.5585034013605442;0.009282349693194008;1.0560359001159667;0.24999723679192332
kernel:sigmoid_gamma:scale_nu:0.75;0.30325752467923034;0.02324606199088707;0.23896103896103896;0.0281671516087812;0.2670608793464105;0.02600974186264257;0.6645584840516781;0.007787205244266182;0.7336283185840708;0.014044254558807003;0.6973120989006728;0.00820308900408291;0.4839080043654541;0.015503882510452522;0.4862946787725549;0.01322586627972851;0.48218648912354156;0.014814163175331428;0.5462754318761743;0.012834574903426368;0.5716836734693878;0.010497826959137384;0.5564560448799323;0.011509399514771772;0.5716836734693878;0.010497826959137384;1.1001599073410033;0.2609810057917463
kernel:sigmoid_gamma:scale_nu:0.8;0.29565679834529257;0.025204191628459112;0.18441558441558442;0.022283231781326976;0.22691969182014934;0.02353464218624777;0.6646188779844603;0.006434152935235516;0.7865992414664981;0.014075515205781828;0.7204325476673189;0.008161803258882659;0.4801378381648764;0.015803757389995923;0.4855074129410412;0.01162248780058024;0.4736761197437341;0.013738759162599758;0.5438277209597328;0.012562027950157461;0.5894557823129252;0.010433919489916978;0.5588658389078289;0.010914355223563509;0.5894557823129252;0.010433919489916978;1.0824455499649048;0.22688966324107604
kernel:sigmoid_gamma:scale_nu:0.85;0.30122815844636164;0.02886665725671248;0.14285714285714285;0.019575525902770678;0.19356493830033036;0.02310726552150786;0.6679205109068811;0.005408988824409464;0.839064475347661;0.012257743883363838;0.7437400175538144;0.006860249996118424;0.48457433467662137;0.01712958169612024;0.4909608091024021;0.010332736659833853;0.4686524779270724;0.01322140252748079;0.5478724193275444;0.013079076674945709;0.6111394557823129;0.009253091757164213;0.5636231761315428;0.010224985731028695;0.6111394557823129;0.009253091757164213;1.0047488927841186;0.1394430541577971
kernel:sigmoid_gamma:scale_nu:0.005;0.3286399356565973;0.0005763432749580038;0.9942857142857143;0.0036363636363636377;0.49399817750288344;0.0009768902440147934;0.8272466422466422;0.09106442903111622;0.011378002528445006;0.0030446509680890762;0.022413132020866765;0.00593939689593216;0.5779432889516198;0.0456963601238538;0.5028318584070797;0.0012972379223772184;0.25820565476187507;0.0029117935692928383;0.6640123037796632;0.06135893914703399;0.33316326530612245;0.0014629804875922966;0.17680109333938412;0.003943577238263247;0.33316326530612245;0.0014629804875922966;0.01979529857635498;0.0010468931424500558
kernel:sigmoid_gamma:scale_nu:0.01;0.3296352323686387;0.0009454263833437939;0.9877922077922078;0.004032253167859747;0.4943126802607347;0.001449826529292879;0.7908571025824358;0.054390238734607105;0.02225031605562579;0.0033543613556059667;0.043255554863083155;0.006355284985606933;0.5602461674755371;0.027650482618197483;0.5050212619239168;0.002108973035983494;0.2687841175619089;0.003414634969495611;0.639861847452919;0.036881966397852566;0.3383503401360544;0.002166282177356636;0.19092306615398097;0.004405844922531036;0.3383503401360544;0.002166282177356636;0.03218238353729248;0.006760036972618881
kernel:sigmoid_gamma:scale_nu:0.015;0.3295634023963628;0.0011680040789877858;0.9836363636363636;0.004196232317247667;0.4937097833445666;0.0016841058124952197;0.7655839818783368;0.05480038484374993;0.02604298356510746;0.004238446173006374;0.050336601067702325;0.007975191409385742;0.5475736921373497;0.027961554557994175;0.5048396736007355;0.0025934454551040527;0.2720231922061344;0.004410240003334372;0.6228391493098334;0.03722718374828018;0.33954081632653066;0.0028470525582964742;0.1954885357416757;0.0056197013971379895;0.33954081632653066;0.0028470525582964742;0.05820045471191406;0.004480908406918108
kernel:sigmoid_gamma:scale_nu:0.02;0.32936992322005604;0.0011027380142649022;0.9784415584415586;0.006041404337461304;0.49283473590079635;0.0017467789665428714;0.7447776923956597;0.044413570270927204;0.030341340075853346;0.005539545461493463;0.0582293206511751;0.01020641397024296;0.5370738078078579;0.022738694040404538;0.5043914492587058;0.0024413294918812006;0.2755320282759857;0.005153628786723369;0.6087811012965038;0.030221529347315743;0.3407312925170068;0.002872337713274589;0.20051085540551541;0.006873083632315519;0.3407312925170068;0.002872337713274589;0.07154877185821533;0.0025155311308300695
kernel:sigmoid_gamma:scale_nu:0.025;0.32885441492835576;0.0014857763032787537;0.9724675324675325;0.00638348349477637;0.49149809439800674;0.0022615629226624087;0.7169029833078802;0.05038015566092476;0.034007585335018964;0.0056097870372525385;0.0648696591429658;0.010300274962564278;0.522878699118118;0.025929633732113728;0.5032375589012757;0.0032759736871594814;0.2781838767704863;0.00550263082088055;0.5898632734217264;0.03437085286205617;0.34124149659863945;0.003486394557823136;0.20453968258955654;0.0071224156731815235;0.34124149659863945;0.003486394557823136;0.08678791522979737;0.0029598059966868635
kernel:sigmoid_gamma:scale_nu:0.03;0.3276539426930307;0.0014531297332101728;0.9641558441558441;0.006341067852329198;0.489094187466282;0.002297917075707818;0.6804502645865282;0.041199116080749644;0.0370417193426043;0.004453581530672197;0.07021383307862475;0.008056169181871188;0.5040521036397794;0.021323927056136237;0.5005987817492242;0.0031860656248277313;0.2796540102724534;0.0043568824816572;0.564951468728538;0.02818557390545576;0.3405612244897959;0.003000387544962142;0.20734728243172684;0.005585177563340692;0.3405612244897959;0.003000387544962142;0.10232317447662354;0.014849599317527037
kernel:sigmoid_gamma:scale_nu:0.035;0.32760284926651906;0.00171494838743341;0.9605194805194806;0.007328174534891371;0.488568039244843;0.002736221894190384;0.6790957253850409;0.0433746851070329;0.0404551201011378;0.004487544715372655;0.07631347668890712;0.008065319760689749;0.5033492873257799;0.02254360478668489;0.5004873003103092;0.0037452719391893752;0.2824407579668751;0.004475981637827059;0.564023652846239;0.02973527148894356;0.3416666666666667;0.0033108711452265005;0.21127776800186232;0.005648511220620921;0.3416666666666667;0.0033108711452265005;0.07123305797576904;0.002817625781665889
kernel:sigmoid_gamma:scale_nu:0.04;0.32695573281416873;0.0024657783032948598;0.9550649350649352;0.010262205852019956;0.4871408011855694;0.00397175743442888;0.6658702566494297;0.05546049432412398;0.043109987357774965;0.0049434171418501005;0.08091400899049164;0.008817944471690152;0.4964129947317992;0.028960023621088727;0.499087461211355;0.005358224228574143;0.2840274050880305;0.005208957673397801;0.554916097060505;0.03810895018039714;0.3416666666666667;0.004365815528229065;0.2139049231019754;0.006338165912919782;0.3416666666666667;0.004365815528229065;0.07916288375854492;0.002350432866666907
kernel:sigmoid_gamma:scale_nu:0.045;0.3263347740101229;0.002300403278406631;0.9496103896103897;0.010595365223049946;0.485739992520054;0.003827001352030994;0.6541508448102035;0.04790444365156689;0.045891276864728194;0.00505847004392985;0.08568930814918835;0.008852648200262676;0.4902428094101632;0.025097870975638044;0.49775083323755887;0.004980803960946472;0.2857146503346212;0.004813735214422917;0.5468301073458914;0.0329714970286877;0.34175170068027216;0.00388652887143756;0.21665828219917413;0.006078921183129575;0.34175170068027216;0.00388652887143756;0.08933508396148682;0.0032879926480893977
kernel:sigmoid_gamma:scale_nu:0.05;0.3260650300205118;0.0022825033474932095;0.9446753246753247;0.01096153134857621;0.4847927185869409;0.003819521098674949;0.6503848932996472;0.04175941690298995;0.04968394437420986;0.005957962916787953;0.09221877056725371;0.01027922802128264;0.4882249616600795;0.02201614386639718;0.49717963452476727;0.004911219580870392;0.28850574457709727;0.0053604813949032805;0.5442087475832637;0.02883218783751441;0.34268707482993194;0.003988448775360066;0.22074000354988937;0.006942426727990226;0.34268707482993194;0.003988448775360066;0.10113637447357178;0.00500360072029721
kernel:sigmoid_gamma:scale_nu:0.055;0.3257592897365865;0.0019054375784697036;0.9392207792207794;0.01053149866634457;0.4837338681985902;0.0033487029308601215;0.6468104394675652;0.030951137554910753;0.0538558786346397;0.0060418726398728285;0.09932977445580679;0.010267350418203426;0.48628486460207593;0.016416983214791736;0.4965383289277095;0.004069513280734984;0.29153182132719857;0.004920092176477778;0.5417044083056377;0.021434501165348056;0.3437074829931973;0.0032446911612821383;0.22517635276445613;0.006673397810077227;0.3437074829931973;0.0032446911612821383;0.1084559679031372;0.0020782143270230216
kernel:sigmoid_gamma:scale_nu:0.06;0.3254028067749618;0.0021285587951890045;0.935064935064935;0.010582622746734218;0.48278905466180444;0.0036068036027971377;0.6425728775346475;0.03364732992272411;0.05651074589127686;0.005849676511382691;0.10379329892914399;0.009913210022508256;0.4839878421548046;0.01788050890489602;0.49578784047810603;0.004541666547300686;0.29329117679547423;0.0050418560718266565;0.5387374377026075;0.023323663306861493;0.3441326530612245;0.003668308607163774;0.22786929038924114;0.006613636602397084;0.3441326530612245;0.003668308607163774;0.11632442474365234;0.004816305866899333
kernel:sigmoid_gamma:scale_nu:0.065;0.32432874600354716;0.002120776253627061;0.9301298701298701;0.01104736120422688;0.48094844647903373;0.0036812704743425816;0.6271969606920865;0.031096326005980043;0.05689001264222504;0.005710032763912118;0.10422330937540436;0.00960528784642099;0.475762853347817;0.01659414968524576;0.4935099413860476;0.004502607575654263;0.2925858779272191;0.004694697994820307;0.5280436761214339;0.02160053596445702;0.3427721088435374;0.00341091345580469;0.2275559435462354;0.006269446063651524;0.3427721088435374;0.00341091345580469;0.12637512683868407;0.004004215133719592
kernel:sigmoid_gamma:scale_nu:0.07;0.32338519318618586;0.0022449260828502735;0.9236363636363636;0.010658849105809453;0.47904111009111244;0.003710983681478431;0.615750633592892;0.032644381995542066;0.05941845764854614;0.006544717626065631;0.10828139288641958;0.011025944529939909;0.4695679133895389;0.01742821683122252;0.49152741064245487;0.004763677591873437;0.29366125148876604;0.005741294523863889;0.520035757269268;0.022681051641223592;0.3423469387755102;0.004134437340524907;0.2296610622093845;0.007463762041425348;0.3423469387755102;0.004134437340524907;0.13432726860046387;0.005118398169432669
kernel:sigmoid_gamma:scale_nu:0.075;0.32225844890711464;0.0026649710829711472;0.9153246753246753;0.012575291882504112;0.4766833998715141;0.0044712435998759915;0.6059245163182102;0.03548836878318596;0.06308470290771176;0.006482146014308101;0.11416576773586448;0.010757814834403892;0.4640914826126624;0.019051476916767816;0.4892046891161936;0.005617102804896955;0.2954245838036893;0.005648931685720598;0.5130576490110064;0.024725510162637552;0.3420918367346939;0.004435646719641151;0.2328471353993212;0.007260970249675026;0.3420918367346939;0.004435646719641151;0.24828476905822755;0.008358225232118753
kernel:sigmoid_gamma:scale_nu:0.08;0.3216744955762276;0.0028655821467974364;0.9106493506493507;0.011970616749925108;0.47541026470145986;0.004596449309591666;0.6010337484583661;0.03761578388546966;0.06536030341340075;0.006690831161769529;0.11780880863872052;0.011175915903712544;0.46135412201729686;0.02022281704017553;0.48800482703137565;0.0060394587010092595;0.29660953667009016;0.006357364739437309;0.5095768501933804;0.02622709328219045;0.3420918367346939;0.005131011850865859;0.2348807138973555;0.007887633522405181;0.3420918367346939;0.005131011850865859;0.22532181739807128;0.04615693511343031
kernel:sigmoid_gamma:scale_nu:0.085;0.32141808372060493;0.002623886443543863;0.9064935064935066;0.010389610389610393;0.4745637731087277;0.004131691899920959;0.6011723267252822;0.03233018404724498;0.06852085967130216;0.00608405027333298;0.12295275822824284;0.01011700042532219;0.4612952052229436;0.01746545189297401;0.48750718308240426;0.005507201401797326;0.29875826566848535;0.005908117425606256;0.5095861162177986;0.02259702101271801;0.34285714285714286;0.004807242865681142;0.2380635071474492;0.007251479397127265;0.34285714285714286;0.004807242865681142;0.16660215854644775;0.00755968813742052
kernel:sigmoid_gamma:auto_nu:0.05;0.330863584028377;0.004467577408631042;0.955064935064935;0.010837738205207831;0.49144416726381557;0.005371056695542106;0.7247233111190161;0.05474569491862598;0.05967130214917825;0.019534590049778706;0.1096898679447825;0.033145087490542645;0.5277934475736966;0.029483002931488797;0.5073681186070567;0.009323949281499174;0.30056701760429905;0.018512276872574826;0.5957811385595808;0.03820146881647985;0.3528061224489795;0.012325239548101672;0.23466895403137072;0.023530966453133326;0.3528061224489795;0.012325239548101672;0.10702054500579834;0.00581444081404197
kernel:sigmoid_gamma:auto_nu:0.1;0.3253283103303687;0.006634749119517753;0.8997402597402596;0.017776559617941484;0.47781124170142125;0.008078421686177992;0.6450199424565527;0.05713050651711135;0.09140328697850822;0.02804779554156913;0.15916685557208668;0.04257594582860717;0.4851741263934607;0.031837374320668084;0.4955717733593839;0.013388873997705348;0.3184890486367539;0.023942936673927672;0.5403589914628616;0.04056786554522163;0.3560374149659864;0.017460156410306522;0.2634849581739521;0.03030672466217414;0.3560374149659864;0.017460156410306522;0.19535295963287352;0.012887213331268957
kernel:sigmoid_gamma:auto_nu:0.15;0.3162945196624341;0.00461281008699208;0.8496103896103895;0.01804961210710822;0.460965315298559;0.007348899612514567;0.592436043720922;0.03151107417578613;0.10619469026548671;0.009238344326900183;0.1799593749643197;0.013985255441782626;0.454365281691678;0.018015809843686417;0.4779025399379381;0.009114916724766886;0.32046234513143934;0.008442900909714416;0.5020325685827266;0.022672788891180573;0.34957482993197275;0.007495062159666778;0.27195536733564807;0.01010447879237082;0.34957482993197275;0.007495062159666778;0.2828003168106079;0.0128365672352797
kernel:sigmoid_gamma:auto_nu:0.2;0.30917427624476307;0.0061863551767483965;0.7942857142857143;0.02594283841908315;0.4450706851242242;0.010231080229408288;0.5776115717321229;0.029248004368934398;0.13640960809102404;0.011838551058012103;0.2204232978155971;0.016061491873121257;0.443392923988443;0.01763937145821227;0.4653476611883692;0.011581922393439905;0.33274699146991066;0.00917592673114112;0.4897303142809039;0.021642149954852724;0.3517857142857143;0.008638802937463455;0.29396857342258814;0.011056033214630225;0.3517857142857143;0.008638802937463455;0.5105923652648926;0.09137719894128901
kernel:sigmoid_gamma:auto_nu:0.25;0.30565341876853086;0.0068617212992932285;0.7405194805194806;0.02649987191165499;0.4326847642740911;0.011307527839948687;0.5906098266888635;0.021371272367238778;0.18154235145385586;0.007610577468163038;0.27754888553521323;0.00906500321993042;0.4481316227286972;0.014084555416420844;0.46103091598666823;0.011847308667222889;0.35511682490465213;0.006904489380230296;0.4973205264768499;0.016597236794958576;0.36454081632653057;0.007596636286730936;0.32833741726520305;0.006827932379359792;0.36454081632653057;0.007596636286730936;0.44775168895721434;0.04792620454983667
kernel:sigmoid_gamma:auto_nu:0.3;0.30362755180755274;0.007976653000853151;0.6906493506493506;0.027499367508327734;0.421783677912759;0.012587936732632346;0.6040952386402145;0.02055244981044725;0.2293299620733249;0.01179459296049618;0.3322572845460766;0.013625729956673924;0.4538613952238837;0.014198577317234283;0.45998965636133776;0.013014924091566004;0.3770204812294178;0.009808278373751667;0.5057278411652361;0.016384977554400614;0.38035714285714284;0.009799593627446226;0.3615665204696929;0.010485205969496127;0.38035714285714284;0.009799593627446226;0.5163140296936035;0.021401100250063303
kernel:sigmoid_gamma:auto_nu:0.35;0.2952826864964715;0.010620735030352008;0.6374025974025974;0.03457961400653013;0.40355259849708736;0.016663415910870127;0.5965139189068001;0.022615747418658388;0.26017699115044246;0.011625349110060836;0.3621004929279542;0.012588477535689483;0.4458983027016358;0.01655187348633543;0.44878979427651994;0.016395850408686005;0.38282654571252084;0.011290397140368233;0.4978965511534187;0.018636859628019774;0.38367346938775515;0.01153332097495644;0.3756711227273728;0.010848736155436479;0.38367346938775515;0.01153332097495644;0.7924954891204834;0.17697114857803595
kernel:sigmoid_gamma:auto_nu:0.4;0.2915871150802839;0.009630792764208902;0.5833766233766233;0.029252796312313957;0.3887855900953845;0.014846172386113103;0.6053305402424711;0.015468712813971927;0.3106194690265487;0.01164252148656667;0.4103997549310375;0.011385977985856346;0.44845882766137757;0.012477464209880308;0.446998046201586;0.01347052810712439;0.39959267251321096;0.009850784369549382;0.5026169189096124;0.013498591071421673;0.3999149659863945;0.00972552716150209;0.40332368906222255;0.009521806195775088;0.3999149659863946;0.009725527161502082;0.762225604057312;0.11607709984746896
kernel:sigmoid_gamma:auto_nu:0.45;0.2929373084034145;0.01116837373721501;0.5337662337662337;0.029323053341083948;0.3781869015485055;0.016071598864440362;0.6218533730691969;0.016187675734812744;0.3731984829329963;0.019955502930341994;0.46622490940413525;0.018134082251395494;0.45739534073630567;0.013550361912207879;0.45348235834961503;0.014825022537757882;0.42220590547632036;0.013348883107367732;0.5141725185655182;0.014438813518082317;0.425765306122449;0.013743190860057417;0.43740294254663736;0.01428714600427116;0.425765306122449;0.013743190860057417;0.8887855768203735;0.21586697855558978
kernel:sigmoid_gamma:auto_nu:0.5;0.28655017148662776;0.012642410407738948;0.4841558441558441;0.033650150110548865;0.3597379655659672;0.017189240015706306;0.621619825013624;0.01633687580112542;0.41314791403286977;0.03431985739763774;0.49583705723575466;0.027290983136926576;0.4540849982501259;0.014329248567342155;0.44865187909435705;0.01608822193330167;0.42778751140086096;0.016352815055020044;0.5119244027280002;0.014992201920902058;0.43639455782312925;0.01932649349775066;0.45128080698671713;0.019367460933844612;0.43639455782312925;0.01932649349775066;0.9714085102081299;0.17367342844218855
kernel:sigmoid_gamma:auto_nu:0.55;0.28380638257859736;0.013124347020895346;0.4407792207792208;0.039987348311210265;0.3449699879365856;0.02119748564179707;0.6280447252291146;0.012473482489056982;0.4595448798988622;0.030231839915360263;0.53024425548976;0.02111572603287224;0.455925553903856;0.01249975320381848;0.45016205033904144;0.014181376504203478;0.43760712171317273;0.012388917874828003;0.5153476487661476;0.012421053369913669;0.45340136054421765;0.014444773719446297;0.4695889893265184;0.01370926263146058;0.45340136054421765;0.014444773719446297;0.8543398141860962;0.028986622694801435
kernel:sigmoid_gamma:auto_nu:0.6;0.2767897234118788;0.014298776826084566;0.392987012987013;0.038386236078265946;0.3244656646535068;0.022000079427050692;0.6291183757585495;0.011665015939556364;0.5011378002528444;0.0294604534283277;0.5574669341876309;0.019467461141372655;0.4529540495852141;0.012724157271277096;0.4470624066199288;0.014348922833362334;0.44096629942056886;0.012637622174158774;0.5137726860021988;0.012292129533846312;0.4657312925170068;0.014708918117978543;0.4811867566615784;0.013189937872531143;0.4657312925170068;0.014708918117978543;1.0905443906784058;0.22315330263198152
kernel:sigmoid_gamma:auto_nu:0.65;0.27989770513409057;0.01947970885042589;0.3355844155844156;0.04063586349424304;0.30493207818107193;0.028322843007184597;0.6429089933064177;0.010627936506926353;0.5816687737041718;0.019880476697950886;0.6105186570992098;0.011128692508383478;0.4614033492202541;0.014888931677930137;0.45862659464429373;0.015402634524882046;0.4577253676401408;0.014242439592940652;0.5240660120595249;0.01336411163618505;0.5011054421768707;0.010682181141401376;0.5104754318581528;0.010805681361754117;0.5011054421768707;0.010682181141401376;1.1333540439605714;0.22766038394844884
kernel:sigmoid_gamma:auto_nu:0.7;0.30111960901282375;0.02867540915767444;0.28233766233766233;0.031450030239912566;0.2913624220946675;0.029982433395998917;0.6612607118683801;0.01226778020858498;0.6816687737041719;0.01192397079398394;0.6712802978601533;0.011274491491895045;0.48119016044060203;0.020466418457043774;0.48200321802091706;0.019500805943822717;0.48132135997741043;0.020064776991186622;0.5433573746240017;0.01763403393758459;0.5509353741496598;0.016005606128895407;0.5469024218655002;0.01680848043671568;0.5509353741496598;0.016005606128895407;1.0796104192733764;0.2112754664470749
kernel:sigmoid_gamma:auto_nu:0.75;0.31124643545134145;0.020394536134590874;0.2335064935064935;0.02437825275293986;0.26670002789075725;0.02316511740930321;0.6676757531540114;0.0065670632482975845;0.7493046776232617;0.007197191063206222;0.706102447962494;0.0046144483422259144;0.4894610943026764;0.013477500198251433;0.4914055855648776;0.011269278621929866;0.48640123792662565;0.01301297145291185;0.5509875836680184;0.011090382849263551;0.5804421768707484;0.007531153001865487;0.5622504652009136;0.009666815673259032;0.5804421768707484;0.007531153001865487;1.0225235223770142;0.134207928339806
kernel:sigmoid_gamma:auto_nu:0.8;0.29826101060463095;0.023380219955208795;0.18493506493506492;0.022367844302972457;0.2281698072756841;0.02371286216742081;0.6655095907549076;0.0055807913805003325;0.7891276864728192;0.007279989910942079;0.7220357070500409;0.004292347199184175;0.4818853006797692;0.014471978311190846;0.48703137570394206;0.0102196843146953;0.4751027571628625;0.013054707070591283;0.5452794008247575;0.011398450155715436;0.5913265306122449;0.006910288997928585;0.5603534184334361;0.009530858437592878;0.5913265306122449;0.006910288997928585;1.1736748933792114;0.22637013724640329
kernel:sigmoid_gamma:auto_nu:0.85;0.30111988890498603;0.028479518470763857;0.13688311688311688;0.022911682275325057;0.1879050517812493;0.02678625810886713;0.6684100650858371;0.004599318840110913;0.8466498103666245;0.009987357774968378;0.7470025307024394;0.004161937482999344;0.4847649769954116;0.016531542072046598;0.49176646362487075;0.008981345264961176;0.4674537912418443;0.013734552609590112;0.5481662574075823;0.01240799917185054;0.6142857142857142;0.00590603923611746;0.5639646655794308;0.009438286187157164;0.6142857142857142;0.00590603923611746;1.1871384620666503;0.23414691198511062
kernel:sigmoid_gamma:auto_nu:0.005;0.3271786300009921;0.0008317656338326439;0.994025974025974;0.0032957344260907857;0.4923136261846908;0.0011978771629121666;0.5754104229104229;0.25222827125214337;0.0050568900126422255;0.0035307813005736894;0.010005174542839558;0.006951414575843361;0.4512945264557075;0.12647409810853025;0.4995414320193081;0.0018797564019221527;0.25115940036376516;0.0037195165447542673;0.4941440621365021;0.1698891715855741;0.32882653061224487;0.002186217709554834;0.1679037747827313;0.004821279082007128;0.32882653061224487;0.002186217709554834;0.02342567443847656;0.0008068329275316068
kernel:sigmoid_gamma:auto_nu:0.01;0.3281760453573868;0.0013946884307814965;0.9911688311688313;0.003709832949892391;0.4930888509857776;0.0018948703911309318;0.7188236763236764;0.12861163268217846;0.012389380530973453;0.004889779925616616;0.02432695229058514;0.009524617195629937;0.5234998608405317;0.06496787044716547;0.5017791058499023;0.003127204580570654;0.25870790163818136;0.005452065409865795;0.5909330828525696;0.08693999696181012;0.33282312925170066;0.0035511246628947514;0.17779066912532074;0.006844146078197674;0.33282312925170066;0.0035511246628947514;0.03358891010284424;0.0011897201740595487
kernel:sigmoid_gamma:auto_nu:0.015;0.32854785260011304;0.001772090238776177;0.9862337662337662;0.0050699276093358805;0.4928944267956726;0.0025236024897069137;0.7330661988892839;0.09852184058113135;0.018963337547408345;0.004993278801044627;0.0369367373312897;0.009567650364875358;0.5308070257446984;0.05013984128543595;0.5025985518905873;0.00395152820049162;0.2649155820634811;0.005722546434621404;0.6006345974255674;0.06684310804413851;0.33562925170068025;0.004078974474561723;0.18620859995355785;0.007027190405373149;0.33562925170068025;0.004078974474561723;0.04631485939025879;0.004969251753757096
kernel:sigmoid_gamma:auto_nu:0.02;0.3272960341958589;0.002337498349869564;0.9771428571428571;0.010245757362761572;0.4903462221697546;0.0038194177463399966;0.6796702397649101;0.11140496844403235;0.022503160556257902;0.0047907194238929;0.04349238680215623;0.009022310798023358;0.5034831369803846;0.05685354255131946;0.49982300884955755;0.005192069054746262;0.2669193044859554;0.005126111341575246;0.5643096367512326;0.0756866503493708;0.3350340136054422;0.004148405074030771;0.18978382099988186;0.00635601804728096;0.3350340136054422;0.004148405074030771;0.056767392158508304;0.006049450449130848
kernel:sigmoid_gamma:auto_nu:0.025;0.32776786836244887;0.0022954015814979282;0.9797402597402597;0.009422523193359511;0.49120347495284367;0.003691233910865844;0.7022804170670083;0.11590778586871674;0.02199747155499368;0.004123769008925434;0.04260526825144777;0.007830596071847086;0.5150241427147286;0.0590511467036354;0.5008688656476268;0.005097807005783589;0.26690437160214575;0.004776036627378265;0.5796721421934918;0.07867989913838037;0.3355442176870748;0.004099309793603384;0.1894677763977381;0.005726317230000865;0.3355442176870748;0.004099309793603384;0.06937699317932129;0.0064469427900563665
kernel:sigmoid_gamma:auto_nu:0.03;0.32786652644741976;0.002634276008424453;0.9662337662337661;0.011019845940569576;0.4895951572393645;0.004141334045582663;0.6871288306973791;0.07733671678102995;0.035903919089759796;0.0074835138239943075;0.0681227781948819;0.01365433362622748;0.5074976785723996;0.039967191174871505;0.501068842661763;0.005775778588385036;0.2788589677171232;0.007548197924673799;0.5695131953774519;0.05286837027014662;0.3404761904761905;0.005353767428128298;0.20610480704873035;0.009567660152876818;0.3404761904761905;0.005353767428128298;0.07469992637634278;0.003949389696312059
kernel:sigmoid_gamma:auto_nu:0.035;0.3297029883669762;0.002373284420757205;0.967012987012987;0.00992805966421631;0.49174005437541435;0.0036321165500677725;0.7302773578655716;0.053385099962298024;0.04310998735777497;0.00808410734702815;0.08127111567872336;0.014436793806433607;0.5299901731162738;0.027840848260823142;0.505061487185381;0.005146093418550567;0.28650558502706885;0.007815144256316239;0.5991369392797219;0.036659144999116294;0.345578231292517;0.005230801530350226;0.21565082775204475;0.01003513752753082;0.345578231292517;0.005230801530350226;0.08399341106414795;0.007174238286303877
kernel:sigmoid_gamma:auto_nu:0.04;0.3302403682499675;0.0030666812489913626;0.9633766233766234;0.007387772806923582;0.49185961997727895;0.00372962277597868;0.7263848003519151;0.0544708648541018;0.04892541087231352;0.013510629428993838;0.09140046694507162;0.02387187130630487;0.5283125843009413;0.028707208568944858;0.5061510171244685;0.00656808295057985;0.29163004346117527;0.013307763426562076;0.596694658889968;0.03760069196930641;0.3482993197278912;0.008614915062526492;0.22250316585442526;0.016933609300622068;0.3482993197278912;0.008614915062526492;0.10531203746795655;0.023941937178775498
kernel:sigmoid_gamma:auto_nu:0.045;0.33082055076805006;0.0032169176035527947;0.9566233766233767;0.010712514611585084;0.4916051299042631;0.003791403834613579;0.7277147919622653;0.04502566170122886;0.058027812895069544;0.017421059488027944;0.10697194834321758;0.029985582687897323;0.5292676713651576;0.024060870279213217;0.5073255947592231;0.006806356825166285;0.29928853912374026;0.01606715234551573;0.5977791772855878;0.031297337515081895;0.35221088435374154;0.00991512642663156;0.23289352563998844;0.020845888739411084;0.35221088435374154;0.00991512642663156;0.15871725082397461;0.012038437553342558
kernel:sigmoid_gamma:auto_nu:0.05;0.330863584028377;0.004467577408631042;0.955064935064935;0.010837738205207831;0.49144416726381557;0.005371056695542106;0.7247233111190161;0.05474569491862598;0.05967130214917825;0.019534590049778706;0.1096898679447825;0.033145087490542645;0.5277934475736966;0.029483002931488797;0.5073681186070567;0.009323949281499174;0.30056701760429905;0.018512276872574826;0.5957811385595808;0.03820146881647985;0.3528061224489795;0.012325239548101672;0.23466895403137072;0.023530966453133326;0.3528061224489795;0.012325239548101672;0.17383577823638915;0.014548705030581897
kernel:sigmoid_gamma:auto_nu:0.055;0.32922765841030094;0.004753908177886889;0.9498701298701299;0.012130176029959087;0.4889586685046064;0.006217112330876135;0.6987439486844897;0.05803125331358628;0.057901390644753484;0.01680797962540607;0.1065449337110758;0.02838358778526403;0.5139858035473953;0.031322880837644285;0.5038857602574416;0.009930359273538004;0.2977518011078411;0.016409302750585122;0.5777713536542493;0.04054180811659934;0.34991496598639454;0.0116546242960098;0.2317399064113388;0.0204909952494813;0.34991496598639454;0.0116546242960098;0.12974674701690675;0.026616530369764833
kernel:sigmoid_gamma:auto_nu:0.06;0.3286578461258875;0.005303394889824495;0.9451948051948051;0.01204085920675248;0.4877056959466213;0.006732727140817059;0.6856630007521989;0.05987726208221947;0.06005056890012641;0.01909980395668537;0.10994684442545521;0.03195981033735495;0.5071604234390432;0.03251390071318855;0.5026226870474658;0.010998222726817707;0.29882627018603825;0.018551515036460183;0.5687863132257279;0.04195862333055529;0.34982993197278917;0.013223814405642001;0.23361789700678934;0.0231345033593383;0.34982993197278917;0.013223814405642001;0.1275543451309204;0.00663210303360282
kernel:sigmoid_gamma:auto_nu:0.065;0.32932713363437993;0.006498065582688917;0.9410389610389609;0.012989610129922068;0.4878759646267605;0.008062628038237802;0.6887404579986456;0.07113948241269906;0.06687737041719342;0.023593589511242647;0.12124149871565974;0.03929627528907879;0.5090337958165129;0.03873644256958787;0.5039581657280772;0.013437826872561962;0.3045587316712102;0.022930950701167654;0.5710753815698683;0.049920814540391815;0.35306122448979593;0.016408700536098348;0.24127063934131782;0.02853755199703745;0.35306122448979593;0.016408700536098348;0.13910512924194335;0.009170222922332012
kernel:sigmoid_gamma:auto_nu:0.07;0.3287254856911523;0.0070212772890872;0.934025974025974;0.015109651503635317;0.4862691800956173;0.008950225255561458;0.6794314046020229;0.07162479693489052;0.07130214917825536;0.023954931544529986;0.12839680250524196;0.039563571500539046;0.5040784451465876;0.03927972722259925;0.5026640616021147;0.014462752014238479;0.3073329913004297;0.023335630701962973;0.5646169668633451;0.05044512324829773;0.35374149659863946;0.017078928689287568;0.24555740231161488;0.028880296400147425;0.35374149659863946;0.017078928689287568;0.1477182388305664;0.006475921052164855
kernel:sigmoid_gamma:auto_nu:0.075;0.3270805982401056;0.006484304286189915;0.9277922077922078;0.01454545454545455;0.4836304368973828;0.008380147106568888;0.6607969715423643;0.0629317729264138;0.0706700379266751;0.021225764983509598;0.1271697168742933;0.034638334801285454;0.49393878489123494;0.03466282952927377;0.49923112285944143;0.013281372918476232;0.3054000768858381;0.020596195601284457;0.5515445874255533;0.044420864349794996;0.35127551020408165;0.015364825072455254;0.24386816688185237;0.025383434409744363;0.35127551020408165;0.015364825072455254;0.15584046840667726;0.01240934475045116
kernel:sigmoid_gamma:auto_nu:0.08;0.3282699873142717;0.007626896317289864;0.9236363636363636;0.015419035926915153;0.48434746447839316;0.009575938548492336;0.6715312796792864;0.07167436839507911;0.07964601769911504;0.02611774767861791;0.14166628502010134;0.042241345647779;0.499900633496779;0.03960297691382582;0.5016411906677393;0.015576041801801518;0.31300687474924727;0.025031225388658415;0.5591540708693113;0.050673631813248306;0.3559523809523809;0.018580272494894783;0.253853575914185;0.030917062089064758;0.3559523809523809;0.018580272494894783;0.16512594223022461;0.014153072413496845
kernel:sigmoid_gamma:auto_nu:0.085;0.3237347785009689;0.003992909438978411;0.9137662337662336;0.018794859755974596;0.47807957626508346;0.00681832784788463;0.6317240068058315;0.04359086043441264;0.07104930467762324;0.007079646017699116;0.1275583214061172;0.011444995779136592;0.4777293926534002;0.023767487000050196;0.4924077692219284;0.0082902050620342;0.30281894883560034;0.0060992921923288266;0.5308941999203111;0.03061055568484967;0.3469387755102041;0.005678846209885708;0.24231230365161216;0.0076111822677969645;0.3469387755102041;0.005678846209885708;0.2531270503997803;0.04453683779995547
kernel:linear_gamma:scale_nu:0.05;0.3259083048174235;0.0027881194719368567;0.9431168831168831;0.010924540698604206;0.4844156950027842;0.004413866621841296;0.6477936974622208;0.05018971043502158;0.05056890012642225;0.005393357524071188;0.09375040163949018;0.00952219277837446;0.48685100113982216;0.02648778223231836;0.4968428916216527;0.005996597412682242;0.2890830483211372;0.005854106237171182;0.5424145510606503;0.034670570195951975;0.3427721088435374;0.004993893489804776;0.2216467774429495;0.0070028013765682405;0.3427721088435374;0.004993893489804776;0.07841672897338867;0.0032191107142339865
kernel:linear_gamma:scale_nu:0.1;0.3235722430101745;0.003322609030929459;0.894025974025974;0.015401524239349191;0.47515917688157217;0.005568001547770348;0.6376193804512813;0.030023134774615073;0.09039190897597978;0.008000640876003407;0.15818680634399274;0.012565225584087052;0.4805958117307279;0.01664951497951839;0.49220894150097694;0.006776077940117201;0.31667299161278245;0.006643465850673655;0.5348063295032999;0.021265778891440018;0.35348639455782316;0.005338212964530432;0.2619575228890336;0.008487291968709695;0.35348639455782316;0.005338212964530432;0.11288363933563232;0.028253985499650587
kernel:linear_gamma:scale_nu:0.15;0.3219388490808589;0.0031932344951835986;0.8397402597402597;0.013041444374683814;0.4654305455853594;0.005109906664511915;0.6411172228795916;0.019500023291826617;0.13919089759797726;0.007657682791862357;0.2286249732214145;0.010789645064291578;0.48152803598022514;0.011340775934307218;0.48946557866911855;0.006224298988836068;0.3470277594033869;0.00619413743400995;0.5366243028859589;0.014157361081950759;0.3685374149659864;0.005340244376907346;0.3061506070310393;0.007607671082443875;0.3685374149659864;0.005340244376907346;0.0968782663345337;0.004309483677249319
kernel:linear_gamma:scale_nu:0.2;0.31749503193842166;0.003718677904597226;0.787012987012987;0.014226559935199124;0.45245110007547285;0.005944848537270525;0.6303215065671847;0.015508789366469032;0.1766118836915297;0.007307381045066207;0.27583286008823626;0.009443650924555782;0.4739082692528031;0.009598452519434088;0.4818124353522584;0.006798253771338613;0.36414198008185455;0.005861373159609933;0.5279080773732444;0.011637826784284445;0.3764455782312925;0.005498354816437821;0.3336543077031054;0.006853893249706692;0.3764455782312925;0.005498354816437821;0.12783610820770264;0.0050464938798792935
kernel:linear_gamma:scale_nu:0.25;0.31269159123602003;0.002635850788113067;0.7311688311688312;0.006388765649999402;0.4380366037456664;0.003006350362126554;0.6243163236638505;0.010046417945319483;0.21769911504424777;0.010739196248594332;0.32274790170695816;0.013035417518669339;0.46850395744993517;0.006319680794755268;0.4744339731065395;0.004738565905568714;0.3803922527263123;0.007416711393407793;0.5222963219761678;0.0076046253829515015;0.38579931972789117;0.006476555790588309;0.3604912267791543;0.009321373391707629;0.38579931972789117;0.006476555790588309;0.16163623332977295;0.006641190775804937
kernel:linear_gamma:scale_nu:0.3;0.31616082646217886;0.004188616291483573;0.6828571428571429;0.008412537527637222;0.43219825826512864;0.005133594174019941;0.6453075306106026;0.01064007434770433;0.2810366624525916;0.010875987971682991;0.3914903352361425;0.012225263066150786;0.48073417853639067;0.007407615775429406;0.4819469026548672;0.006818563428052457;0.4118442967506356;0.008027986563156942;0.5375511691334399;0.008522837241312857;0.4125850340136054;0.0077730577428751285;0.4048173338468225;0.009407143255153719;0.4125850340136054;0.0077730577428751285;0.18049461841583253;0.007334031618729206
kernel:linear_gamma:scale_nu:0.35;0.3143226561943334;0.006711731973839389;0.6345454545454545;0.017387083606420328;0.42037832182826146;0.009439830851287434;0.6471925399950003;0.012952401934226337;0.3262958280657396;0.011620536297140821;0.43377044818520033;0.012139103062216368;0.4807575980946669;0.00981973348100617;0.48042064130559703;0.010021060503961768;0.42707438500673084;0.009225792131930814;0.538217280417401;0.01089953648248149;0.42721088435374155;0.009254263850620944;0.4293861211040596;0.009955765711766956;0.42721088435374155;0.009254263850620944;0.20153272151947021;0.005072029105804415
kernel:linear_gamma:scale_nu:0.4;0.31329531715395026;0.009336086469567078;0.5867532467532468;0.020400774509983323;0.40843886115275757;0.012223478434045513;0.6501529498569782;0.015190318840846892;0.37395701643489254;0.016779428594727752;0.47468407191145434;0.016402744217283157;0.4817241335054643;0.012253826404603993;0.4803551315940696;0.013118833135064695;0.44156146653210593;0.012646982175380704;0.5398721772458679;0.013266125442653355;0.4436224489795918;0.013035744793641717;0.45299665172259534;0.013655476071474458;0.4436224489795918;0.013035744793641717;0.359167742729187;0.09168174519487064
kernel:linear_gamma:scale_nu:0.45;0.31358385816410494;0.01046691476609631;0.5381818181818181;0.021538090848444557;0.396241140162585;0.013825719294252433;0.6549822982919353;0.01355491767494695;0.42667509481668775;0.012670638109094112;0.5166689353170503;0.012353218622218153;0.48428307822801997;0.012007498055784684;0.482428456499253;0.013407132785513053;0.45645503773981766;0.011914850915622133;0.5432149518215146;0.012541081604967029;0.46318027210884355;0.011965648477475437;0.47724316904624314;0.011784512219889149;0.46318027210884355;0.011965648477475437;0.392382287979126;0.11027040986724995
kernel:linear_gamma:scale_nu:0.5;0.3151653643435356;0.012556383460397821;0.4888311688311687;0.027112703066389368;0.383180600764847;0.01720744871498892;0.6602832097326286;0.012703871784243701;0.48331226295828056;0.012893210247456568;0.5580090391725971;0.011029824504892772;0.48772428703808207;0.012625421416597171;0.48607171589472464;0.014330684563109103;0.4705948199687221;0.012278233802973878;0.547298200825485;0.012651450073852624;0.4851190476190476;0.01167941480377892;0.5007735385033932;0.011294731751625063;0.4851190476190476;0.01167941480377892;0.3267261266708374;0.011209735560652218
kernel:linear_gamma:scale_nu:0.55;0.3138748259757792;0.009275357859523986;0.4379220779220779;0.02423252735520124;0.3655865010381172;0.014522853630336076;0.6615825931200249;0.007257942299846919;0.5345132743362832;0.00993521249273757;0.5912076168872371;0.005671207055006266;0.48772870954790193;0.008262958285247602;0.48621767612918054;0.00924559301294699;0.47839705896267715;0.007396208831482354;0.5477496931620873;0.007915010975579567;0.502891156462585;0.005643081640488785;0.517343561103299;0.0056403931987022505;0.502891156462585;0.005643081640488785;0.3479680061340332;0.007122283402153947
kernel:linear_gamma:scale_nu:0.6;0.3150179767988251;0.010585012590674544;0.38597402597402597;0.022768422857985592;0.3468170358975716;0.01528793416545259;0.664576351971372;0.006771826433677785;0.5919089759797724;0.010251901356618602;0.6260709133454926;0.006037759197193837;0.4897971643850985;0.008675323087550185;0.48894150097689926;0.009373917037763453;0.48644397462153216;0.008397348173240166;0.5501375981946454;0.0080172397303975;0.5244897959183674;0.006573519758533229;0.5346485129905185;0.006645287532203962;0.5244897959183674;0.006573519758533229;0.5733870267868042;0.1064197898795473
kernel:linear_gamma:scale_nu:0.65;0.31341709406555807;0.012981161329156474;0.33636363636363636;0.020591686208289453;0.32439050368182915;0.01596020101163527;0.6651715826215576;0.006846684874167338;0.6415929203539823;0.011889742118383286;0.6531145552780867;0.007755947262033142;0.48929433834355784;0.009910033738016508;0.4889782783588094;0.010173558591323744;0.48875252947995795;0.009950739502090486;0.5500138631538196;0.008851160072532484;0.5416666666666667;0.008721688030583725;0.5454965621959788;0.008508448463396033;0.5416666666666667;0.008721688030583725;0.3834465742111206;0.0064051473410584574
kernel:linear_gamma:scale_nu:0.7;0.3061386500538511;0.01621401243804887;0.2901298701298701;0.025975324642858778;0.29775865753825126;0.0209495614713287;0.6633820805206476;0.006812414263339806;0.6806573957016435;0.011644580469956459;0.6718354530437856;0.006330620342810364;0.4847603652872494;0.011506653591047489;0.4853936329157569;0.010888006515464158;0.48479705529101846;0.01135711805735172;0.5464273860225892;0.009883592057990529;0.5528061224489795;0.007723129731060905;0.5493698354675691;0.008562263969896887;0.5528061224489795;0.007723129731060905;0.3977311849594116;0.009471111368943243
kernel:linear_gamma:scale_nu:0.75;0.30297918578993294;0.02038649513451773;0.23766233766233763;0.02475721203981746;0.2661769804070323;0.022811112050707738;0.6644272842919536;0.00679941485036614;0.7345132743362832;0.013186755813304979;0.6976517169714263;0.007582974225116716;0.48370323504094326;0.01358022744900898;0.48608780599931045;0.011560950600997152;0.4819143486892294;0.012958348838980116;0.5460960615680778;0.011234016087534136;0.5718537414965986;0.009424976123424064;0.5563951067866544;0.01012153314094465;0.5718537414965986;0.009424976123424064;0.5819991588592529;0.13309346984600853
kernel:linear_gamma:scale_nu:0.8;0.2989316501856907;0.025956974820973085;0.18727272727272729;0.02158971288552349;0.23006984696057767;0.02317060313844072;0.6653552732727268;0.006778410200689218;0.7864728192161821;0.014397157696158526;0.7208162892015029;0.008718968272630336;0.48214346172920874;0.01635621307070075;0.48687277324445455;0.01219138530673842;0.4754430680810403;0.014067118421016217;0.5453951585716137;0.013044430365228855;0.5903061224489795;0.011241226441946087;0.5601552515631048;0.01145735522006721;0.5903061224489795;0.011241226441946087;0.39629015922546384;0.06707226281741517
kernel:linear_gamma:scale_nu:0.85;0.3021705437488054;0.02789626603290956;0.1431168831168831;0.02098759160832807;0.19398027818069502;0.024365110610684283;0.6682031220800362;0.0051635128038428745;0.8398230088495575;0.011108624652952547;0.744210941922189;0.005840547052913228;0.48518683291442083;0.01652039527320862;0.4914699459832203;0.009878061998206051;0.46909561005144196;0.01333911706991561;0.5483710279835023;0.012594815829298956;0.611734693877551;0.008050884611254834;0.5640759031972952;0.009876629896694423;0.611734693877551;0.008050884611254834;0.34018142223358155;0.007220499819841581
kernel:linear_gamma:scale_nu:0.005;0.3286399356565973;0.0005763432749580038;0.9942857142857143;0.0036363636363636377;0.49399817750288344;0.0009768902440147934;0.8272466422466422;0.09106442903111622;0.011378002528445006;0.0030446509680890762;0.022413132020866765;0.00593939689593216;0.5779432889516198;0.0456963601238538;0.5028318584070797;0.0012972379223772184;0.25820565476187507;0.0029117935692928383;0.6640123037796632;0.06135893914703399;0.33316326530612245;0.0014629804875922966;0.17680109333938412;0.003943577238263247;0.33316326530612245;0.0014629804875922966;0.01591634750366211;0.002851902636688891
kernel:linear_gamma:scale_nu:0.01;0.3296352323686387;0.0009454263833437939;0.9877922077922078;0.004032253167859747;0.4943126802607347;0.001449826529292879;0.7908571025824358;0.054390238734607105;0.02225031605562579;0.0033543613556059667;0.043255554863083155;0.006355284985606933;0.5602461674755371;0.027650482618197483;0.5050212619239168;0.002108973035983494;0.2687841175619089;0.003414634969495611;0.639861847452919;0.036881966397852566;0.3383503401360544;0.002166282177356636;0.19092306615398097;0.004405844922531036;0.3383503401360544;0.002166282177356636;0.01942930221557617;0.0019822921798682185
kernel:linear_gamma:scale_nu:0.015;0.3295634023963628;0.0011680040789877858;0.9836363636363636;0.004196232317247667;0.4937097833445666;0.0016841058124952197;0.7655839818783368;0.05480038484374993;0.02604298356510746;0.004238446173006374;0.050336601067702325;0.007975191409385742;0.5475736921373497;0.027961554557994175;0.5048396736007355;0.0025934454551040527;0.2720231922061344;0.004410240003334372;0.6228391493098334;0.03722718374828018;0.33954081632653066;0.0028470525582964742;0.1954885357416757;0.0056197013971379895;0.33954081632653066;0.0028470525582964742;0.02135009765625;0.0013671046804631284
kernel:linear_gamma:scale_nu:0.02;0.32916416456530656;0.001164852325997561;0.9776623376623377;0.006988895608869463;0.4925050337057356;0.0019570698099086836;0.738198671412302;0.047956902110529484;0.030214917825537292;0.005778202215942574;0.0579624885457609;0.010630877849069836;0.5336814179888043;0.024550027916776147;0.5039386277439374;0.0025822551402408887;0.27523376112574827;0.0052429422487080225;0.6042885650040596;0.032630885846498314;0.3403911564625851;0.002847052558296473;0.20022344083027646;0.007072692635371842;0.3403911564625851;0.002847052558296473;0.024861764907836915;0.004250850095465884
kernel:linear_gamma:scale_nu:0.025;0.3286753236585835;0.0014758907190254157;0.9714285714285715;0.0067731973041066495;0.49116535217122037;0.002324296540750577;0.711764659441278;0.04865734621792443;0.03426042983565108;0.005347227808484603;0.0653092565004085;0.00977825651270839;0.5202199915499308;0.025063143745136747;0.5028445006321114;0.0032514934178323753;0.27823730433581445;0.005153382328930587;0.586348507845753;0.03320872643975818;0.3410714285714286;0.0032812553370025156;0.2047264306783528;0.006707037419787246;0.3410714285714286;0.0032812553370025156;0.026915574073791505;0.0009468247090362469
kernel:linear_gamma:scale_nu:0.03;0.3276548028889755;0.001734602768237956;0.9641558441558441;0.006753246753246756;0.48909490338484884;0.0026474488889357208;0.6797153105455841;0.05043285409871042;0.03704171934260429;0.005152385302734471;0.07020433326686218;0.009385208072401346;0.5036850567172798;0.026082010854215642;0.5005987817492242;0.003806831176456576;0.27964961832585555;0.005268021308143653;0.564457406253242;0.03448883008550506;0.34056122448979587;0.0037114205514957835;0.20734112705548874;0.0066412342950830415;0.34056122448979587;0.0037114205514957835;0.02987046241760254;0.0017643489598162655
kernel:linear_gamma:scale_nu:0.035;0.32712104097969325;0.002189945241449036;0.9576623376623378;0.0085398868689733;0.4876620579829197;0.0034142219628260934;0.6676194762075566;0.0530050387862397;0.04121365360303413;0.005249188240714716;0.07757883499367246;0.009472453655473063;0.49737025859362494;0.027594838492247552;0.49943799563268587;0.004773833670417648;0.28262044648829604;0.005528656282455818;0.5561467741984347;0.03636737156528551;0.3412414965986395;0.004269520479807221;0.21183227109134267;0.006814785914933097;0.3412414965986395;0.004269520479807221;0.05715038776397705;0.008712768192238275
kernel:linear_gamma:scale_nu:0.04;0.32688864002008416;0.0025645499307681775;0.9535064935064934;0.010089830960807811;0.4868634049847561;0.004045503382245928;0.6638182402024627;0.055169072027951994;0.04437420986093553;0.005406676303500152;0.08312505892227454;0.009693227208605208;0.49535344011127347;0.028862798396707592;0.4989403516837146;0.0055620822311151724;0.2849942319535153;0.005809551621879947;0.5535139068094221;0.037944664990258115;0.3420068027210884;0.004746695828895536;0.2153013031689203;0.00704960027766008;0.3420068027210884;0.004746695828895536;0.0658705472946167;0.003498416422984509
kernel:linear_gamma:scale_nu:0.045;0.32588075170189823;0.0028149098179448082;0.9472727272727273;0.0113247944709567;0.48493154108488506;0.004502491167136579;0.6453979421758561;0.0539184831236585;0.04627054361567636;0.005218651691668847;0.08628479022508759;0.009278735229091471;0.4856393469388772;0.02836244555516519;0.49677163544420183;0.006071924734869161;0.28560816565498637;0.005687138815191837;0.5407941000564056;0.03718529065629279;0.3412414965986395;0.0049297731430733936;0.21679414318514034;0.006796299477321315;0.3412414965986395;0.0049297731430733936;0.07363078594207764;0.006684681555792215
kernel:linear_gamma:scale_nu:0.05;0.3259083048174235;0.0027881194719368567;0.9431168831168831;0.010924540698604206;0.4844156950027842;0.004413866621841296;0.6477936974622208;0.05018971043502158;0.05056890012642225;0.005393357524071188;0.09375040163949018;0.00952219277837446;0.48685100113982216;0.02648778223231836;0.4968428916216527;0.005996597412682242;0.2890830483211372;0.005854106237171182;0.5424145510606503;0.034670570195951975;0.3427721088435374;0.004993893489804776;0.2216467774429495;0.0070028013765682405;0.3427721088435374;0.004993893489804776;0.0764326810836792;0.0021283157845200422
kernel:linear_gamma:scale_nu:0.055;0.32570788370333903;0.0028112381865379892;0.9366233766233766;0.012193968409668058;0.48333265823889143;0.004590131195218947;0.6478163839803184;0.04681742743129622;0.05625790139064475;0.0059094795916663665;0.10343296869663324;0.010190428839575138;0.48676213384182876;0.02480982006427938;0.49644063900701074;0.00601803987653239;0.29338281346776235;0.005800458080047376;0.5423641963896406;0.03240759616468617;0.34447278911564627;0.004817009876962095;0.22780489086820585;0.007167147449752473;0.34447278911564627;0.004817009876962095;0.07228176593780518;0.016608337814622905
kernel:linear_gamma:scale_nu:0.06;0.32570650470726364;0.002853756917377512;0.9322077922077922;0.011642044068059729;0.48274015222501154;0.004486835218750702;0.6483538577787816;0.044570122264162765;0.06068268015170669;0.007479241192287756;0.11086828216883977;0.012840419839759276;0.48703018124302266;0.023705032449676876;0.49644523617974945;0.006085463568170573;0.2968042171969256;0.00724418028362265;0.5427252600470347;0.03090831250433348;0.34600340136054425;0.005503612627647756;0.23261204915151507;0.009068323881748165;0.34600340136054425;0.005503612627647756;0.04791579246520996;0.0038602231897663154
kernel:linear_gamma:scale_nu:0.065;0.32630699590616896;0.0029236451153834514;0.9290909090909091;0.011022906583856079;0.4829801099473546;0.004502188557188211;0.6581017568731162;0.04233904897598283;0.0663716814159292;0.007245881102860734;0.12049264520987787;0.012382646920027477;0.49220437638964265;0.022624209453803362;0.49773129525341914;0.006204367899944501;0.3017363775786162;0.007267648685370229;0.5494784720327468;0.02943036320879826;0.3488095238095238;0.005689023361795133;0.23916413664178987;0.008935190847892235;0.3488095238095238;0.005689023361795133;0.05041005611419678;0.004236932740843805
kernel:linear_gamma:scale_nu:0.07;0.32585842286896344;0.0030399269524034695;0.9249350649350647;0.01080032357729444;0.48192715442532574;0.004636470802751358;0.6527643690654628;0.041907959519794626;0.0686472819216182;0.006809220232361685;0.1241600246800361;0.011638651049724872;0.4893113959672132;0.02246778678227528;0.4967911734283416;0.006431220796026706;0.3030435895526809;0.007148177964640486;0.5457415890606565;0.029179130298100386;0.3489795918367347;0.0058321184351980415;0.24128616834664882;0.008604177982117295;0.3489795918367347;0.0058321184351980415;0.05383608341217041;0.0051711580133394774
kernel:linear_gamma:scale_nu:0.075;0.32547230795841114;0.0031817478334663185;0.9215584415584415;0.011662308737996705;0.48104490452909826;0.00488189197165116;0.6484373465625328;0.04226813304043318;0.07041719342604298;0.007501645359871958;0.1269512110754567;0.012742322141796963;0.486954827260472;0.022711844329294725;0.4959878174922422;0.0067094855149217505;0.30399805780227745;0.007634121123746828;0.5427047446385644;0.029463101819522886;0.34906462585034015;0.006111218914568352;0.24287474167039885;0.009292124126350328;0.34906462585034015;0.006111218914568352;0.055826663970947266;0.0017681482086605936
kernel:linear_gamma:scale_nu:0.08;0.3242448064584466;0.0031532892587245987;0.9148051948051948;0.012116263677600627;0.478782815870704;0.004931055267280308;0.6350010319839691;0.03913703766207861;0.07206068268015171;0.007106684866020327;0.12934733193461886;0.011938310747365496;0.4796229192212079;0.021126651610822902;0.49343293874267324;0.006613994454165329;0.30406507390266146;0.007107872462594551;0.5332653629131137;0.027344043260945396;0.3479591836734694;0.0058022864317115565;0.24374585346131342;0.008651463430299803;0.3479591836734694;0.0058022864317115565;0.05864651203155517;0.0023453361343998094
kernel:linear_gamma:scale_nu:0.085;0.3234963574431073;0.0032578765106337972;0.909090909090909;0.013193168934234077;0.4771822883541076;0.005212307691062902;0.6287324882607727;0.03728741938709295;0.07471554993678889;0.006818602558868169;0.13346677509118363;0.011315710309503109;0.47611442285193994;0.020251974612667183;0.491903229513849;0.0067902946260747525;0.3053245317226456;0.006684144462665718;0.5288039930526083;0.026132680231018467;0.34787414965986396;0.005633463290833973;0.24599268717130757;0.008125015876281623;0.34787414965986396;0.005633463290833973;0.061832094192504884;0.002349109605443879
kernel:linear_gamma:auto_nu:0.05;0.3259083048174235;0.0027881194719368567;0.9431168831168831;0.010924540698604206;0.4844156950027842;0.004413866621841296;0.6477936974622208;0.05018971043502158;0.05056890012642225;0.005393357524071188;0.09375040163949018;0.00952219277837446;0.48685100113982216;0.02648778223231836;0.4968428916216527;0.005996597412682242;0.2890830483211372;0.005854106237171182;0.5424145510606503;0.034670570195951975;0.3427721088435374;0.004993893489804776;0.2216467774429495;0.0070028013765682405;0.3427721088435374;0.004993893489804776;0.04165537357330322;0.004230814486002966
kernel:linear_gamma:auto_nu:0.1;0.3235722430101745;0.003322609030929459;0.894025974025974;0.015401524239349191;0.47515917688157217;0.005568001547770348;0.6376193804512813;0.030023134774615073;0.09039190897597978;0.008000640876003407;0.15818680634399274;0.012565225584087052;0.4805958117307279;0.01664951497951839;0.49220894150097694;0.006776077940117201;0.31667299161278245;0.006643465850673655;0.5348063295032999;0.021265778891440018;0.35348639455782316;0.005338212964530432;0.2619575228890336;0.008487291968709695;0.35348639455782316;0.005338212964530432;0.0715240478515625;0.007586353497120359
kernel:linear_gamma:auto_nu:0.15;0.3219388490808589;0.0031932344951835986;0.8397402597402597;0.013041444374683814;0.4654305455853594;0.005109906664511915;0.6411172228795916;0.019500023291826617;0.13919089759797726;0.007657682791862357;0.2286249732214145;0.010789645064291578;0.48152803598022514;0.011340775934307218;0.48946557866911855;0.006224298988836068;0.3470277594033869;0.00619413743400995;0.5366243028859589;0.014157361081950759;0.3685374149659864;0.005340244376907346;0.3061506070310393;0.007607671082443875;0.3685374149659864;0.005340244376907346;0.09589562416076661;0.0041374113179106255
kernel:linear_gamma:auto_nu:0.2;0.31749503193842166;0.003718677904597226;0.787012987012987;0.014226559935199124;0.45245110007547285;0.005944848537270525;0.6303215065671847;0.015508789366469032;0.1766118836915297;0.007307381045066207;0.27583286008823626;0.009443650924555782;0.4739082692528031;0.009598452519434088;0.4818124353522584;0.006798253771338613;0.36414198008185455;0.005861373159609933;0.5279080773732444;0.011637826784284445;0.3764455782312925;0.005498354816437821;0.3336543077031054;0.006853893249706692;0.3764455782312925;0.005498354816437821;0.12436408996582031;0.004086467413996489
kernel:linear_gamma:auto_nu:0.25;0.31269159123602003;0.002635850788113067;0.7311688311688312;0.006388765649999402;0.4380366037456664;0.003006350362126554;0.6243163236638505;0.010046417945319483;0.21769911504424777;0.010739196248594332;0.32274790170695816;0.013035417518669339;0.46850395744993517;0.006319680794755268;0.4744339731065395;0.004738565905568714;0.3803922527263123;0.007416711393407793;0.5222963219761678;0.0076046253829515015;0.38579931972789117;0.006476555790588309;0.3604912267791543;0.009321373391707629;0.38579931972789117;0.006476555790588309;0.1960444927215576;0.06280642574922453
kernel:linear_gamma:auto_nu:0.3;0.31616082646217886;0.004188616291483573;0.6828571428571429;0.008412537527637222;0.43219825826512864;0.005133594174019941;0.6453075306106026;0.01064007434770433;0.2810366624525916;0.010875987971682991;0.3914903352361425;0.012225263066150786;0.48073417853639067;0.007407615775429406;0.4819469026548672;0.006818563428052457;0.4118442967506356;0.008027986563156942;0.5375511691334399;0.008522837241312857;0.4125850340136054;0.0077730577428751285;0.4048173338468225;0.009407143255153719;0.4125850340136054;0.0077730577428751285;0.33802554607391355;0.006624102801165501
kernel:linear_gamma:auto_nu:0.35;0.3143226561943334;0.006711731973839389;0.6345454545454545;0.017387083606420328;0.42037832182826146;0.009439830851287434;0.6471925399950003;0.012952401934226337;0.3262958280657396;0.011620536297140821;0.43377044818520033;0.012139103062216368;0.4807575980946669;0.00981973348100617;0.48042064130559703;0.010021060503961768;0.42707438500673084;0.009225792131930814;0.538217280417401;0.01089953648248149;0.42721088435374155;0.009254263850620944;0.4293861211040596;0.009955765711766956;0.42721088435374155;0.009254263850620944;0.22216053009033204;0.052656289859179965
kernel:linear_gamma:auto_nu:0.4;0.31329531715395026;0.009336086469567078;0.5867532467532468;0.020400774509983323;0.40843886115275757;0.012223478434045513;0.6501529498569782;0.015190318840846892;0.37395701643489254;0.016779428594727752;0.47468407191145434;0.016402744217283157;0.4817241335054643;0.012253826404603993;0.4803551315940696;0.013118833135064695;0.44156146653210593;0.012646982175380704;0.5398721772458679;0.013266125442653355;0.4436224489795918;0.013035744793641717;0.45299665172259534;0.013655476071474458;0.4436224489795918;0.013035744793641717;0.24192252159118652;0.012367388700512242
kernel:linear_gamma:auto_nu:0.45;0.31358385816410494;0.01046691476609631;0.5381818181818181;0.021538090848444557;0.396241140162585;0.013825719294252433;0.6549822982919353;0.01355491767494695;0.42667509481668775;0.012670638109094112;0.5166689353170503;0.012353218622218153;0.48428307822801997;0.012007498055784684;0.482428456499253;0.013407132785513053;0.45645503773981766;0.011914850915622133;0.5432149518215146;0.012541081604967029;0.46318027210884355;0.011965648477475437;0.47724316904624314;0.011784512219889149;0.46318027210884355;0.011965648477475437;0.2977785110473633;0.007730047980500781
kernel:linear_gamma:auto_nu:0.5;0.3151653643435356;0.012556383460397821;0.4888311688311687;0.027112703066389368;0.383180600764847;0.01720744871498892;0.6602832097326286;0.012703871784243701;0.48331226295828056;0.012893210247456568;0.5580090391725971;0.011029824504892772;0.48772428703808207;0.012625421416597171;0.48607171589472464;0.014330684563109103;0.4705948199687221;0.012278233802973878;0.547298200825485;0.012651450073852624;0.4851190476190476;0.01167941480377892;0.5007735385033932;0.011294731751625063;0.4851190476190476;0.01167941480377892;0.42411420345306394;0.11603232946268782
kernel:linear_gamma:auto_nu:0.55;0.3138748259757792;0.009275357859523986;0.4379220779220779;0.02423252735520124;0.3655865010381172;0.014522853630336076;0.6615825931200249;0.007257942299846919;0.5345132743362832;0.00993521249273757;0.5912076168872371;0.005671207055006266;0.48772870954790193;0.008262958285247602;0.48621767612918054;0.00924559301294699;0.47839705896267715;0.007396208831482354;0.5477496931620873;0.007915010975579567;0.502891156462585;0.005643081640488785;0.517343561103299;0.0056403931987022505;0.502891156462585;0.005643081640488785;0.46286687850952146;0.12774004516578352
kernel:linear_gamma:auto_nu:0.6;0.3150179767988251;0.010585012590674544;0.38597402597402597;0.022768422857985592;0.3468170358975716;0.01528793416545259;0.664576351971372;0.006771826433677785;0.5919089759797724;0.010251901356618602;0.6260709133454926;0.006037759197193837;0.4897971643850985;0.008675323087550185;0.48894150097689926;0.009373917037763453;0.48644397462153216;0.008397348173240166;0.5501375981946454;0.0080172397303975;0.5244897959183674;0.006573519758533229;0.5346485129905185;0.006645287532203962;0.5244897959183674;0.006573519758533229;0.3707747220993042;0.006027096900457503
kernel:linear_gamma:auto_nu:0.65;0.31341709406555807;0.012981161329156474;0.33636363636363636;0.020591686208289453;0.32439050368182915;0.01596020101163527;0.6651715826215576;0.006846684874167338;0.6415929203539823;0.011889742118383286;0.6531145552780867;0.007755947262033142;0.48929433834355784;0.009910033738016508;0.4889782783588094;0.010173558591323744;0.48875252947995795;0.009950739502090486;0.5500138631538196;0.008851160072532484;0.5416666666666667;0.008721688030583725;0.5454965621959788;0.008508448463396033;0.5416666666666667;0.008721688030583725;0.3910966157913208;0.019190545680322794
kernel:linear_gamma:auto_nu:0.7;0.3061386500538511;0.01621401243804887;0.2901298701298701;0.025975324642858778;0.29775865753825126;0.0209495614713287;0.6633820805206476;0.006812414263339806;0.6806573957016435;0.011644580469956459;0.6718354530437856;0.006330620342810364;0.4847603652872494;0.011506653591047489;0.4853936329157569;0.010888006515464158;0.48479705529101846;0.01135711805735172;0.5464273860225892;0.009883592057990529;0.5528061224489795;0.007723129731060905;0.5493698354675691;0.008562263969896887;0.5528061224489795;0.007723129731060905;0.5920427322387696;0.12812895729885265
kernel:linear_gamma:auto_nu:0.75;0.30297918578993294;0.02038649513451773;0.23766233766233763;0.02475721203981746;0.2661769804070323;0.022811112050707738;0.6644272842919536;0.00679941485036614;0.7345132743362832;0.013186755813304979;0.6976517169714263;0.007582974225116716;0.48370323504094326;0.01358022744900898;0.48608780599931045;0.011560950600997152;0.4819143486892294;0.012958348838980116;0.5460960615680778;0.011234016087534136;0.5718537414965986;0.009424976123424064;0.5563951067866544;0.01012153314094465;0.5718537414965986;0.009424976123424064;0.3992525339126587;0.008735699159148812
kernel:linear_gamma:auto_nu:0.8;0.2989316501856907;0.025956974820973085;0.18727272727272729;0.02158971288552349;0.23006984696057767;0.02317060313844072;0.6653552732727268;0.006778410200689218;0.7864728192161821;0.014397157696158526;0.7208162892015029;0.008718968272630336;0.48214346172920874;0.01635621307070075;0.48687277324445455;0.01219138530673842;0.4754430680810403;0.014067118421016217;0.5453951585716137;0.013044430365228855;0.5903061224489795;0.011241226441946087;0.5601552515631048;0.01145735522006721;0.5903061224489795;0.011241226441946087;0.37462921142578126;0.021071457210494773
kernel:linear_gamma:auto_nu:0.85;0.3021705437488054;0.02789626603290956;0.1431168831168831;0.02098759160832807;0.19398027818069502;0.024365110610684283;0.6682031220800362;0.0051635128038428745;0.8398230088495575;0.011108624652952547;0.744210941922189;0.005840547052913228;0.48518683291442083;0.01652039527320862;0.4914699459832203;0.009878061998206051;0.46909561005144196;0.01333911706991561;0.5483710279835023;0.012594815829298956;0.611734693877551;0.008050884611254834;0.5640759031972952;0.009876629896694423;0.611734693877551;0.008050884611254834;0.5764545440673828;0.12238749297395746
kernel:linear_gamma:auto_nu:0.005;0.3286399356565973;0.0005763432749580038;0.9942857142857143;0.0036363636363636377;0.49399817750288344;0.0009768902440147934;0.8272466422466422;0.09106442903111622;0.011378002528445006;0.0030446509680890762;0.022413132020866765;0.00593939689593216;0.5779432889516198;0.0456963601238538;0.5028318584070797;0.0012972379223772184;0.25820565476187507;0.0029117935692928383;0.6640123037796632;0.06135893914703399;0.33316326530612245;0.0014629804875922966;0.17680109333938412;0.003943577238263247;0.33316326530612245;0.0014629804875922966;0.0159015417098999;0.0022861147858607655
kernel:linear_gamma:auto_nu:0.01;0.3296352323686387;0.0009454263833437939;0.9877922077922078;0.004032253167859747;0.4943126802607347;0.001449826529292879;0.7908571025824358;0.054390238734607105;0.02225031605562579;0.0033543613556059667;0.043255554863083155;0.006355284985606933;0.5602461674755371;0.027650482618197483;0.5050212619239168;0.002108973035983494;0.2687841175619089;0.003414634969495611;0.639861847452919;0.036881966397852566;0.3383503401360544;0.002166282177356636;0.19092306615398097;0.004405844922531036;0.3383503401360544;0.002166282177356636;0.018452978134155272;0.001854479888808583
kernel:linear_gamma:auto_nu:0.015;0.3295634023963628;0.0011680040789877858;0.9836363636363636;0.004196232317247667;0.4937097833445666;0.0016841058124952197;0.7655839818783368;0.05480038484374993;0.02604298356510746;0.004238446173006374;0.050336601067702325;0.007975191409385742;0.5475736921373497;0.027961554557994175;0.5048396736007355;0.0025934454551040527;0.2720231922061344;0.004410240003334372;0.6228391493098334;0.03722718374828018;0.33954081632653066;0.0028470525582964742;0.1954885357416757;0.0056197013971379895;0.33954081632653066;0.0028470525582964742;0.020922327041625978;0.0007338394755069858
kernel:linear_gamma:auto_nu:0.02;0.32916416456530656;0.001164852325997561;0.9776623376623377;0.006988895608869463;0.4925050337057356;0.0019570698099086836;0.738198671412302;0.047956902110529484;0.030214917825537292;0.005778202215942574;0.0579624885457609;0.010630877849069836;0.5336814179888043;0.024550027916776147;0.5039386277439374;0.0025822551402408887;0.27523376112574827;0.0052429422487080225;0.6042885650040596;0.032630885846498314;0.3403911564625851;0.002847052558296473;0.20022344083027646;0.007072692635371842;0.3403911564625851;0.002847052558296473;0.025463795661926268;0.0036079127135609326
kernel:linear_gamma:auto_nu:0.025;0.3286753236585835;0.0014758907190254157;0.9714285714285715;0.0067731973041066495;0.49116535217122037;0.002324296540750577;0.711764659441278;0.04865734621792443;0.03426042983565108;0.005347227808484603;0.0653092565004085;0.00977825651270839;0.5202199915499308;0.025063143745136747;0.5028445006321114;0.0032514934178323753;0.27823730433581445;0.005153382328930587;0.586348507845753;0.03320872643975818;0.3410714285714286;0.0032812553370025156;0.2047264306783528;0.006707037419787246;0.3410714285714286;0.0032812553370025156;0.028865838050842287;0.001643775144508732
kernel:linear_gamma:auto_nu:0.03;0.3276548028889755;0.001734602768237956;0.9641558441558441;0.006753246753246756;0.48909490338484884;0.0026474488889357208;0.6797153105455841;0.05043285409871042;0.03704171934260429;0.005152385302734471;0.07020433326686218;0.009385208072401346;0.5036850567172798;0.026082010854215642;0.5005987817492242;0.003806831176456576;0.27964961832585555;0.005268021308143653;0.564457406253242;0.03448883008550506;0.34056122448979587;0.0037114205514957835;0.20734112705548874;0.0066412342950830415;0.34056122448979587;0.0037114205514957835;0.03210513591766358;0.0045932060912859205
kernel:linear_gamma:auto_nu:0.035;0.32712104097969325;0.002189945241449036;0.9576623376623378;0.0085398868689733;0.4876620579829197;0.0034142219628260934;0.6676194762075566;0.0530050387862397;0.04121365360303413;0.005249188240714716;0.07757883499367246;0.009472453655473063;0.49737025859362494;0.027594838492247552;0.49943799563268587;0.004773833670417648;0.28262044648829604;0.005528656282455818;0.5561467741984347;0.03636737156528551;0.3412414965986395;0.004269520479807221;0.21183227109134267;0.006814785914933097;0.3412414965986395;0.004269520479807221;0.03371107578277588;0.001517488456635782
kernel:linear_gamma:auto_nu:0.04;0.32688864002008416;0.0025645499307681775;0.9535064935064934;0.010089830960807811;0.4868634049847561;0.004045503382245928;0.6638182402024627;0.055169072027951994;0.04437420986093553;0.005406676303500152;0.08312505892227454;0.009693227208605208;0.49535344011127347;0.028862798396707592;0.4989403516837146;0.0055620822311151724;0.2849942319535153;0.005809551621879947;0.5535139068094221;0.037944664990258115;0.3420068027210884;0.004746695828895536;0.2153013031689203;0.00704960027766008;0.3420068027210884;0.004746695828895536;0.0364304780960083;0.00329307184153377
kernel:linear_gamma:auto_nu:0.045;0.32588075170189823;0.0028149098179448082;0.9472727272727273;0.0113247944709567;0.48493154108488506;0.004502491167136579;0.6453979421758561;0.0539184831236585;0.04627054361567636;0.005218651691668847;0.08628479022508759;0.009278735229091471;0.4856393469388772;0.02836244555516519;0.49677163544420183;0.006071924734869161;0.28560816565498637;0.005687138815191837;0.5407941000564056;0.03718529065629279;0.3412414965986395;0.0049297731430733936;0.21679414318514034;0.006796299477321315;0.3412414965986395;0.0049297731430733936;0.04230828285217285;0.004045812778505816
kernel:linear_gamma:auto_nu:0.05;0.3259083048174235;0.0027881194719368567;0.9431168831168831;0.010924540698604206;0.4844156950027842;0.004413866621841296;0.6477936974622208;0.05018971043502158;0.05056890012642225;0.005393357524071188;0.09375040163949018;0.00952219277837446;0.48685100113982216;0.02648778223231836;0.4968428916216527;0.005996597412682242;0.2890830483211372;0.005854106237171182;0.5424145510606503;0.034670570195951975;0.3427721088435374;0.004993893489804776;0.2216467774429495;0.0070028013765682405;0.3427721088435374;0.004993893489804776;0.04226698875427246;0.0014795700386093064
kernel:linear_gamma:auto_nu:0.055;0.32570788370333903;0.0028112381865379892;0.9366233766233766;0.012193968409668058;0.48333265823889143;0.004590131195218947;0.6478163839803184;0.04681742743129622;0.05625790139064475;0.0059094795916663665;0.10343296869663324;0.010190428839575138;0.48676213384182876;0.02480982006427938;0.49644063900701074;0.00601803987653239;0.29338281346776235;0.005800458080047376;0.5423641963896406;0.03240759616468617;0.34447278911564627;0.004817009876962095;0.22780489086820585;0.007167147449752473;0.34447278911564627;0.004817009876962095;0.04543659687042236;0.003349315206118188
kernel:linear_gamma:auto_nu:0.06;0.32570650470726364;0.002853756917377512;0.9322077922077922;0.011642044068059729;0.48274015222501154;0.004486835218750702;0.6483538577787816;0.044570122264162765;0.06068268015170669;0.007479241192287756;0.11086828216883977;0.012840419839759276;0.48703018124302266;0.023705032449676876;0.49644523617974945;0.006085463568170573;0.2968042171969256;0.00724418028362265;0.5427252600470347;0.03090831250433348;0.34600340136054425;0.005503612627647756;0.23261204915151507;0.009068323881748165;0.34600340136054425;0.005503612627647756;0.050826501846313474;0.005757058296905263
kernel:linear_gamma:auto_nu:0.065;0.32630699590616896;0.0029236451153834514;0.9290909090909091;0.011022906583856079;0.4829801099473546;0.004502188557188211;0.6581017568731162;0.04233904897598283;0.0663716814159292;0.007245881102860734;0.12049264520987787;0.012382646920027477;0.49220437638964265;0.022624209453803362;0.49773129525341914;0.006204367899944501;0.3017363775786162;0.007267648685370229;0.5494784720327468;0.02943036320879826;0.3488095238095238;0.005689023361795133;0.23916413664178987;0.008935190847892235;0.3488095238095238;0.005689023361795133;0.04946584701538086;0.0009439681833208319
kernel:linear_gamma:auto_nu:0.07;0.32585842286896344;0.0030399269524034695;0.9249350649350647;0.01080032357729444;0.48192715442532574;0.004636470802751358;0.6527643690654628;0.041907959519794626;0.0686472819216182;0.006809220232361685;0.1241600246800361;0.011638651049724872;0.4893113959672132;0.02246778678227528;0.4967911734283416;0.006431220796026706;0.3030435895526809;0.007148177964640486;0.5457415890606565;0.029179130298100386;0.3489795918367347;0.0058321184351980415;0.24128616834664882;0.008604177982117295;0.3489795918367347;0.0058321184351980415;0.05435302257537842;0.0037003486683385572
kernel:linear_gamma:auto_nu:0.075;0.32547230795841114;0.0031817478334663185;0.9215584415584415;0.011662308737996705;0.48104490452909826;0.00488189197165116;0.6484373465625328;0.04226813304043318;0.07041719342604298;0.007501645359871958;0.1269512110754567;0.012742322141796963;0.486954827260472;0.022711844329294725;0.4959878174922422;0.0067094855149217505;0.30399805780227745;0.007634121123746828;0.5427047446385644;0.029463101819522886;0.34906462585034015;0.006111218914568352;0.24287474167039885;0.009292124126350328;0.34906462585034015;0.006111218914568352;0.057209014892578125;0.003991859841890477
kernel:linear_gamma:auto_nu:0.08;0.3242448064584466;0.0031532892587245987;0.9148051948051948;0.012116263677600627;0.478782815870704;0.004931055267280308;0.6350010319839691;0.03913703766207861;0.07206068268015171;0.007106684866020327;0.12934733193461886;0.011938310747365496;0.4796229192212079;0.021126651610822902;0.49343293874267324;0.006613994454165329;0.30406507390266146;0.007107872462594551;0.5332653629131137;0.027344043260945396;0.3479591836734694;0.0058022864317115565;0.24374585346131342;0.008651463430299803;0.3479591836734694;0.0058022864317115565;0.05866439342498779;0.0017540440282949113
kernel:linear_gamma:auto_nu:0.085;0.3234963574431073;0.0032578765106337972;0.909090909090909;0.013193168934234077;0.4771822883541076;0.005212307691062902;0.6287324882607727;0.03728741938709295;0.07471554993678889;0.006818602558868169;0.13346677509118363;0.011315710309503109;0.47611442285193994;0.020251974612667183;0.491903229513849;0.0067902946260747525;0.3053245317226456;0.006684144462665718;0.5288039930526083;0.026132680231018467;0.34787414965986396;0.005633463290833973;0.24599268717130757;0.008125015876281623;0.34787414965986396;0.005633463290833973;0.10785467624664306;0.021844708846648415
kernel:poly_gamma:scale_nu:0.05;0.3259691505230685;0.002891160180110994;0.9428571428571428;0.009992407304764339;0.48444871552522617;0.004379982890900571;0.6474920534229969;0.05417570321639039;0.051074589127686476;0.006401511454448628;0.09462051684674835;0.011361137636037999;0.4867306019730327;0.02853043475262651;0.49696586599241466;0.006230485731961887;0.2895346161859872;0.007048948957264641;0.5422315792593299;0.03738410605113239;0.3430272108843538;0.005694105116592926;0.2222428437950595;0.008459919698249508;0.3430272108843538;0.005694105116592926;0.08279659748077392;0.0017285640991933312
kernel:poly_gamma:scale_nu:0.1;0.324861645070982;0.0034281913070844886;0.8945454545454543;0.014517598558422988;0.4766243612744733;0.005603171044575672;0.6506786359140561;0.03101975132789133;0.09519595448798988;0.006762113335178929;0.1659833684686602;0.010620432150238501;0.4877701404925191;0.017213745212324334;0.49487070451672216;0.006998848339229801;0.32130386487156665;0.006203616849513706;0.5440123591499544;0.02197974500382987;0.35688775510204085;0.00547198998067897;0.2676813125419918;0.007519417088501421;0.35688775510204085;0.00547198998067897;0.1416273832321167;0.0055009652052683084
kernel:poly_gamma:scale_nu:0.15;0.3219222308159838;0.0032706275986674875;0.8392207792207792;0.01520978282800761;0.465331187546491;0.005578826052220081;0.6414877216289018;0.018312639211719307;0.13969658659924147;0.007441751025416658;0.22930503408666653;0.010153266685839013;0.48170497622244285;0.010781562264770965;0.4894586829100104;0.006291356864686413;0.3473181108165787;0.005296786644294877;0.5368680668984822;0.013381022204549592;0.3687074829931973;0.004645068123723695;0.30657550099315667;0.0067181043729369035;0.3687074829931973;0.004645068123723695;0.13933141231536866;0.041700402145916755
kernel:poly_gamma:scale_nu:0.2;0.317510744301685;0.0034316198450331965;0.785974025974026;0.013655521483734981;0.45229440403810467;0.005517477081386416;0.6306468090746609;0.014477354158813713;0.1777496839443742;0.007756187939407318;0.2772429669789106;0.009913666900444184;0.4740787766881729;0.008940916549148463;0.4818618549592001;0.006289567830290842;0.36476868550850766;0.00578869451100709;0.5281320259644604;0.01085133951263857;0.37687074829931977;0.005266619920817014;0.33455147315900385;0.00699260093325388;0.37687074829931977;0.005266619920817014;0.14545493125915526;0.00400832887165519
kernel:poly_gamma:scale_nu:0.25;0.31397794137999513;0.002290875939467104;0.7283116883116884;0.007545890413679977;0.4387772738150847;0.0026926313934246575;0.6300187166369351;0.00869702402518509;0.22541087231352716;0.011166026531859188;0.33193018100635574;0.013140395742871569;0.47199832900846506;0.005472493597583984;0.47686128031260777;0.004119266388239982;0.3853537274107202;0.007072956894344294;0.5265529866421035;0.006584052768680822;0.39005102040816325;0.006120677181268066;0.3669098840092134;0.009129126672806333;0.39005102040816325;0.006120677181268066;0.1793593406677246;0.010548040290185138
kernel:poly_gamma:scale_nu:0.3;0.3162685832596231;0.004063749586692067;0.6818181818181819;0.01186020785125286;0.43208730629299774;0.005700750941362343;0.6459041964780156;0.010021084446278415;0.28255372945638435;0.010196407105653203;0.3930551813865058;0.011002284429956787;0.48108638986881924;0.007034704560027224;0.48218595563728306;0.006558612520245919;0.41257124383975174;0.00697351479266853;0.5379877754838991;0.008064839910321564;0.413265306122449;0.006792083519631248;0.4058335556118454;0.008201837829198762;0.413265306122449;0.006792083519631248;0.20690548419952393;0.006910448004502802
kernel:poly_gamma:scale_nu:0.35;0.3152585961796867;0.0068203113012642235;0.6366233766233766;0.015076126608759954;0.4216737076354649;0.008979451614929924;0.6488377029442137;0.013433499637454566;0.32692793931731984;0.012707794561951017;0.4347071860529713;0.013559541945979962;0.4820481495619502;0.010119354783012128;0.48177565797034827;0.010261829039071756;0.4281904468442182;0.010165488380561694;0.5396302572772554;0.011262491417793908;0.4283163265306122;0.010225671604227686;0.43044027347581143;0.011162541674778358;0.4283163265306122;0.010225671604227686;0.23419928550720215;0.011987259061237394
kernel:poly_gamma:scale_nu:0.4;0.31178509826771034;0.00908477396287991;0.587012987012987;0.01898059834435856;0.40723065341447323;0.011860321200021885;0.6474497854280428;0.014880348219555114;0.36927939317319847;0.014584657306757273;0.4702259672381738;0.014851830761607848;0.4796174418478765;0.01197347931408887;0.4781461900930927;0.012797145312534704;0.4387283103263234;0.012115353452818596;0.5375595604648387;0.012975605374622171;0.44056122448979596;0.012366237892094295;0.4496025014030337;0.01283000843826969;0.44056122448979596;0.012366237892094295;0.42351808547973635;0.08917013059306626
kernel:poly_gamma:scale_nu:0.45;0.3126603067086601;0.010976023539954667;0.5371428571428571;0.021879937338859932;0.3952195484039917;0.014284498703404066;0.6537114272483359;0.014212657689063398;0.42528445006321114;0.013793356962817551;0.5152474043418261;0.013450501117618615;0.48318586697849797;0.012589753600593619;0.48121365360303414;0.014056615120287297;0.455233476372909;0.01267852627955815;0.5420577865954658;0.013149176783973399;0.4619047619047619;0.012810537132834343;0.4759525705526542;0.01267023413175876;0.4619047619047619;0.012810537132834343;0.3804685831069946;0.09119711396017753
kernel:poly_gamma:scale_nu:0.5;0.3158070471288703;0.012148871403514413;0.49012987012987014;0.028263989367337906;0.38404267113523305;0.017237929437434935;0.6610107005951715;0.01216501271161678;0.48356510745891274;0.012783658922981467;0.5584184672656319;0.010267326158467498;0.488408873862021;0.012152313678082787;0.4868474887943915;0.013792974102368624;0.47123056920043255;0.011507831171783023;0.5479975997579896;0.012155652655787618;0.48571428571428577;0.010734512815006461;0.5013311530562752;0.010370180800831571;0.48571428571428577;0.010734512815006461;0.37293715476989747;0.008138308796608996
kernel:poly_gamma:scale_nu:0.55;0.31419164251056986;0.010130742541796614;0.43740259740259735;0.025241622053519663;0.36561731894873856;0.015452543754637;0.6619122792052796;0.007956848534006382;0.5357774968394436;0.010157931442023097;0.5921107145077819;0.006091323374491426;0.4880519608579246;0.009038984233881437;0.4865900471210205;0.010114287791163402;0.4788640167282602;0.00824929042387492;0.5480751660016543;0.008664118771662496;0.5035714285714287;0.006484923797597818;0.5179610909616665;0.006447316218217536;0.5035714285714287;0.006484923797597818;0.4517045259475708;0.10557308585672498
kernel:poly_gamma:scale_nu:0.6;0.3150344357862921;0.011532392379598189;0.3841558441558442;0.02238744076027688;0.3460995037518816;0.01569399551184273;0.6646150513043809;0.007459714478161652;0.5938053097345132;0.0105477379942433;0.6271555358771316;0.00699211380487041;0.48982474354533645;0.009491219366292837;0.48898057694517877;0.010276887888443564;0.48662751981450664;0.009409382897980267;0.5501690164621496;0.008788433294710254;0.5251700680272109;0.007887563690683821;0.5351431444075557;0.007842107925981332;0.5251700680272109;0.007887563690683821;0.5444929838180542;0.13267340943905054
kernel:poly_gamma:scale_nu:0.65;0.3122474027133033;0.013101179050633401;0.33792207792207796;0.019625435012845294;0.3245052989437882;0.015637380804940686;0.6644138018135725;0.007014108771962083;0.6379266750948167;0.010848767612098567;0.6508580760194851;0.007555079894385112;0.48833060226343783;0.010054946155252521;0.4879243765084473;0.010370850120316027;0.48768168748163665;0.01011897040328804;0.5491212306795558;0.00900424618097634;0.5397108843537415;0.008861915101491692;0.5440163930482746;0.008706683243666132;0.5397108843537415;0.008861915101491692;0.4306473970413208;0.007232669761702078
kernel:poly_gamma:scale_nu:0.7;0.30383951112571117;0.01718334589477463;0.28935064935064936;0.02434363535347529;0.29630646114949777;0.020548112293979612;0.6622035423933359;0.007408348205871805;0.6778761061946902;0.010483141563402232;0.6698964093953108;0.006840977321959847;0.4830215267595235;0.012290103374523423;0.48361337777266983;0.011749967708465554;0.48310143527240423;0.012118635554045671;0.5448819845378636;0.01060263223523528;0.5506802721088435;0.00895243006003526;0.5475901763386457;0.009617831225752885;0.5506802721088435;0.00895243006003526;0.53773512840271;0.1282674190010538
kernel:poly_gamma:scale_nu:0.75;0.3052716711204888;0.021384465084503604;0.24181818181818185;0.02667748698225362;0.26963693873766975;0.0242823132962083;0.6651567736046109;0.007295129296392133;0.7328697850821745;0.014021475767463718;0.6972999914163064;0.008028316547641492;0.48521422236254985;0.014327701630545813;0.48734398345017815;0.012332451197243388;0.4834684650769881;0.013754346769077727;0.5473372460056424;0.011894878061387965;0.5721088435374149;0.009958786375481195;0.5572912539322289;0.010721846658490899;0.5721088435374149;0.009958786375481195;0.5477361440658569;0.13996374142064544
kernel:poly_gamma:scale_nu:0.8;0.29862971324103543;0.026095932050624913;0.18831168831168832;0.022108458637575754;0.23076965342105407;0.023686915756501746;0.6652526103345442;0.006774502034815908;0.7850821744627053;0.013848863653733664;0.7201722919754634;0.008409686557186859;0.4819411617877898;0.016423000942164517;0.48669693138719694;0.012198349301038632;0.4754709726982589;0.014217033461610766;0.5452272571194074;0.0130864686728868;0.5897108843537415;0.010970706032688227;0.5599511900677699;0.011447324380853437;0.5897108843537415;0.010970706032688227;0.40180044174194335;0.01081004366558306
kernel:poly_gamma:scale_nu:0.85;0.2974944135493562;0.02884526786628825;0.14311688311688311;0.02193075473019397;0.19302535582059002;0.0255256213439474;0.6673080033616008;0.005325227790639486;0.836409608091024;0.010021704769965327;0.7423159055155544;0.00537076378748886;0.4824012084554786;0.017075150291823122;0.48976324560395357;0.010191912327417965;0.4676706306680723;0.013946394921125847;0.5462380781254492;0.013013572821801721;0.609438775510204;0.007775382986800084;0.5624886422225601;0.010216444595915539;0.609438775510204;0.007775382986800084;0.5114214181900024;0.14864332814670128
kernel:poly_gamma:scale_nu:0.005;0.32862434307030475;0.0014075783984234455;0.9896103896103895;0.004188185843271975;0.4933989746201787;0.0016637751306372512;0.742114286679504;0.08909313187195803;0.01592920353982301;0.007568459947962461;0.031079554004757294;0.014547933795169074;0.5353693148749044;0.04518428326334823;0.5027697965751063;0.003136820948704759;0.2622392643124679;0.007819801419423998;0.6067455551407781;0.060342958486192054;0.3346938775510204;0.004470557628603723;0.182434126230044;0.010133821860100464;0.3346938775510204;0.004470557628603723;0.026051831245422364;0.0022662241035708458
kernel:poly_gamma:scale_nu:0.01;0.3296336094949562;0.000988018367013186;0.9872727272727273;0.003755021375272978;0.4942458894654037;0.0014688280007549683;0.7864400871267705;0.052087259381228906;0.022756005056890013;0.0033448183452144003;0.044208439403827085;0.006329985981912846;0.5580368483108632;0.02652519200751932;0.5050143661648087;0.002200985269550459;0.2692271644346154;0.003500878115748645;0.636890347425879;0.0353501138100225;0.33852040816326534;0.0022959183673469438;0.19154212841208132;0.004456008010923664;0.33852040816326534;0.0022959183673469438;0.03287372589111328;0.0014825280169346489
kernel:poly_gamma:scale_nu:0.015;0.32950464222824893;0.0012109302224199067;0.9833766233766233;0.004675324675324677;0.4936110372146948;0.001797967408678018;0.7634449444451816;0.05664062080090676;0.02604298356510746;0.004238446173006374;0.050329540167437535;0.007968208142719754;0.5464747933367152;0.028904692369672545;0.5047098034708652;0.0026889226467430544;0.27197028869106615;0.004374851878376773;0.6213811550289239;0.038480044106659145;0.3394557823129252;0.0028406961034847153;0.19545145884362294;0.005588966374632327;0.3394557823129252;0.0028406961034847153;0.039256501197814944;0.0009112941211390864
kernel:poly_gamma:scale_nu:0.02;0.3288713428967226;0.0015507128273756685;0.9763636363636363;0.006617007378107533;0.4920134834081799;0.0024023355055254633;0.7248867771863488;0.05935940389762476;0.030214917825537296;0.005195631501399372;0.05795197880589831;0.009640883202433708;0.5268790600415357;0.03044980782392822;0.5032892770945868;0.0034304189535494583;0.2749827311070391;0.0052057754297238495;0.5952388671510545;0.040430456337901814;0.3399659863945578;0.0034183250411975834;0.2000554475745024;0.0066933735338652834;0.3399659863945578;0.0034183250411975834;0.028859281539916994;0.006425330507935172
kernel:poly_gamma:scale_nu:0.025;0.32799980101677095;0.0019352913451791342;0.9693506493506494;0.00859893265311525;0.49014477026436987;0.0030810960501321313;0.6928657689076565;0.06158252945690427;0.03337547408343868;0.005935117367537548;0.06359986805710158;0.0108554006813422;0.5104327849622137;0.03175226550200497;0.501363061717044;0.004257969786813557;0.27687231916073574;0.005833518280435724;0.5734156008481404;0.042050740118191564;0.33979591836734696;0.003973918859029913;0.2032425443749573;0.007500998115650053;0.33979591836734696;0.003973918859029913;0.030436134338378905;0.0014815314283383575
kernel:poly_gamma:scale_nu:0.03;0.32741899887726145;0.0022836673287140175;0.963116883116883;0.00794652391728746;0.4886977209533808;0.0033829846322594834;0.6722566568315996;0.06618755305572598;0.03704171934260429;0.006594589813271796;0.0701449967334365;0.012039831918532693;0.49983782785443054;0.034233920199273925;0.5000793012297436;0.005011549434160319;0.27942135884340863;0.006968683925897577;0.5593633759536913;0.045265512283702826;0.34022108843537413;0.0050083518104174305;0.20717118621020397;0.0086684503728012;0.34022108843537413;0.0050083518104174305;0.03301856517791748;0.001450761723848782
kernel:poly_gamma:scale_nu:0.035;0.32694765208168686;0.002154153182838633;0.9574025974025974;0.007364907469484586;0.4874361217178139;0.003221317112544135;0.6619487164920411;0.05336152010303419;0.04070796460176991;0.005446437225926174;0.07665522809366201;0.009899721914947899;0.49444818428686393;0.027755152656697004;0.49905528100218366;0.004700302262521365;0.28204567490573795;0.005926385577391682;0.5522757489767465;0.036595410510856616;0.3408163265306122;0.004496361927347724;0.21113706826823556;0.0072471387194397545;0.3408163265306122;0.004496361927347724;0.03704841136932373;0.0014612662850551112
kernel:poly_gamma:scale_nu:0.04;0.32673627309638775;0.002315538570931412;0.9519480519480519;0.007984636960488001;0.4864918386881369;0.0034898268037794377;0.6591755690546013;0.048275042226231184;0.045259165613147904;0.005446437225926173;0.08465786558072859;0.009788399767897618;0.4929559210754945;0.025293205488740842;0.4986036087806;0.005016030164289154;0.28557485213443273;0.005960866693097621;0.5503412757349481;0.03322737821546256;0.3420918367346939;0.004673777579476639;0.2162106543956539;0.007222841007315513;0.3420918367346939;0.004673777579476639;0.03863191604614258;0.001071649535718056
kernel:poly_gamma:scale_nu:0.045;0.3266872173876965;0.002635823214925988;0.949090909090909;0.009161138747297872;0.48606309808505327;0.003988293855964331;0.6591789343650738;0.05305797043503057;0.047914032869785086;0.006048482282632457;0.08927860874681712;0.010809661008512985;0.4929330758763852;0.02784416577178711;0.49850247098034706;0.005700167588175907;0.28767085341593523;0.006621430470706476;0.5503274794022419;0.03654888719161601;0.34294217687074835;0.005256312741675378;0.21917829275635872;0.007997108805449456;0.34294217687074835;0.005256312741675378;0.04242372512817383;0.002696146590045164
kernel:poly_gamma:scale_nu:0.05;0.3259691505230685;0.002891160180110994;0.9428571428571428;0.009992407304764339;0.48444871552522617;0.004379982890900571;0.6474920534229969;0.05417570321639039;0.051074589127686476;0.006401511454448628;0.09462051684674835;0.011361137636037999;0.4867306019730327;0.02853043475262651;0.49696586599241466;0.006230485731961887;0.2895346161859872;0.007048948957264641;0.5422315792593299;0.03738410605113239;0.3430272108843538;0.005694105116592926;0.2222428437950595;0.008459919698249508;0.3430272108843538;0.005694105116592926;0.0452979564666748;0.0009646629212336599
kernel:poly_gamma:scale_nu:0.055;0.32617001860486206;0.0031154284325398593;0.938961038961039;0.01208560012896815;0.4841529637106041;0.004897756883093812;0.6541603232590382;0.05308277239301481;0.05587863463969659;0.006539831684640992;0.10287657175838553;0.011415037753558989;0.49016517093195;0.02809232448200121;0.4974198368003678;0.006676887477295386;0.2935147677344948;0.00690347424582322;0.5467825449496353;0.03671984944732424;0.3449829931972789;0.0057175494809572295;0.22769920007607616;0.008338139435825715;0.3449829931972789;0.0057175494809572295;0.05130791664123535;0.0061481699913844
kernel:poly_gamma:scale_nu:0.06;0.32631560077043875;0.0032439242978884557;0.9348051948051948;0.012695427958285653;0.4837580498320066;0.005108590767866028;0.6579661604677085;0.05095665867042898;0.060682680151706705;0.006924431826866827;0.11101914278012144;0.011959779755619116;0.4921408806190736;0.027090661063226024;0.4977439374784508;0.0069171832268735975;0.297388596306064;0.007171847283152655;0.5493900843763404;0.03532991332921348;0.34685374149659864;0.005921323251208737;0.2330467611602029;0.008693110205121746;0.34685374149659864;0.005921323251208737;0.054328322410583496;0.003511101055701579
kernel:poly_gamma:scale_nu:0.065;0.32595522072493;0.0030277285873299385;0.92987012987013;0.011557711927941297;0.4826995892767762;0.004693875741598443;0.6529513472583856;0.04485564156744259;0.0640960809102402;0.007241468263777338;0.1166395547269963;0.01242233276120571;0.4894532839916578;0.02393503007611568;0.4969831053901851;0.0064354615176665025;0.29966957200188626;0.007315907071038243;0.5458990439289804;0.03115747627454614;0.34753401360544217;0.005792932425255466;0.23648063746650755;0.008971448510722282;0.34753401360544217;0.005792932425255466;0.05874631404876709;0.005618850340522764
kernel:poly_gamma:scale_nu:0.07;0.3257357962602469;0.00270369293899586;0.9246753246753245;0.011321815437767987;0.4817555786850874;0.0042549482858453965;0.6513024677614823;0.03627562696561518;0.0683944374209861;0.007740717833042545;0.12367452188259946;0.01302909722939259;0.4885191320108646;0.01948125981415262;0.49653488104815546;0.005707652509170309;0.3027150502838435;0.007179573274290002;0.5447181407819112;0.025279112684123046;0.3487244897959184;0.005302878172676475;0.24090343928817587;0.009098144751864816;0.3487244897959184;0.005302878172676475;0.05933663845062256;0.0024510803152876805
kernel:poly_gamma:scale_nu:0.075;0.32591292990561066;0.003158449729727069;0.9205194805194805;0.011627547680830857;0.48138379525622427;0.004836395951110532;0.6547961452759423;0.04040465891802296;0.07332490518331228;0.007648284936664565;0.13178668675251534;0.012876416031460055;0.49035453759077646;0.0217733208148866;0.4969221928513964;0.00664494007709444;0.3065852410043698;0.0076582794670755835;0.5471260450058933;0.028205360622216267;0.3506802721088435;0.006098782679265676;0.24623812108408671;0.00935503485782177;0.3506802721088435;0.006098782679265676;0.0622178316116333;0.0017981953125610415
kernel:poly_gamma:scale_nu:0.08;0.32621926516527633;0.0030252805175512445;0.9174025974025974;0.011604315794123993;0.48128928898074463;0.004658110903609606;0.6594301931517317;0.035787061435919316;0.0777496839443742;0.00790012632109633;0.13899062749256677;0.013086312312427842;0.49282472915850384;0.019402469056996826;0.49757614067348566;0.006330378326547892;0.31013995823665574;0.007554000879673538;0.5503432822037848;0.025058953619281468;0.3526360544217687;0.00587965779355868;0.2510526892892917;0.009358215512573065;0.3526360544217687;0.00587965779355868;0.06523079872131347;0.0017343985402831566
kernel:poly_gamma:scale_nu:0.085;0.3262151354167496;0.003097389559734548;0.9129870129870131;0.011096108760152643;0.48067690336528335;0.004752091556815031;0.660170809407959;0.03483813490308126;0.08217446270543614;0.0065933779066524876;0.14608897985175479;0.010930060408891098;0.49319297241235427;0.018962367795745064;0.49758073784622453;0.006453608716002804;0.3133829416085191;0.0068120954118729956;0.5508400828036939;0.024443133141076195;0.35416666666666663;0.005732705370980668;0.255626692906779;0.008127917414508903;0.35416666666666663;0.005732705370980668;0.07022731304168701;0.004622055791790785
kernel:poly_gamma:auto_nu:0.05;0.3259691505230685;0.002891160180110994;0.9428571428571428;0.009992407304764339;0.48444871552522617;0.004379982890900571;0.6474920534229969;0.05417570321639039;0.051074589127686476;0.006401511454448628;0.09462051684674835;0.011361137636037999;0.4867306019730327;0.02853043475262651;0.49696586599241466;0.006230485731961887;0.2895346161859872;0.007048948957264641;0.5422315792593299;0.03738410605113239;0.3430272108843538;0.005694105116592926;0.2222428437950595;0.008459919698249508;0.3430272108843538;0.005694105116592926;0.059537196159362794;0.017182663366699276
kernel:poly_gamma:auto_nu:0.1;0.324861645070982;0.0034281913070844886;0.8945454545454543;0.014517598558422988;0.4766243612744733;0.005603171044575672;0.6506786359140561;0.03101975132789133;0.09519595448798988;0.006762113335178929;0.1659833684686602;0.010620432150238501;0.4877701404925191;0.017213745212324334;0.49487070451672216;0.006998848339229801;0.32130386487156665;0.006203616849513706;0.5440123591499544;0.02197974500382987;0.35688775510204085;0.00547198998067897;0.2676813125419918;0.007519417088501421;0.35688775510204085;0.00547198998067897;0.1392216682434082;0.0024414697397626794
kernel:poly_gamma:auto_nu:0.15;0.3219222308159838;0.0032706275986674875;0.8392207792207792;0.01520978282800761;0.465331187546491;0.005578826052220081;0.6414877216289018;0.018312639211719307;0.13969658659924147;0.007441751025416658;0.22930503408666653;0.010153266685839013;0.48170497622244285;0.010781562264770965;0.4894586829100104;0.006291356864686413;0.3473181108165787;0.005296786644294877;0.5368680668984822;0.013381022204549592;0.3687074829931973;0.004645068123723695;0.30657550099315667;0.0067181043729369035;0.3687074829931973;0.004645068123723695;0.1989651918411255;0.002686148878466846
kernel:poly_gamma:auto_nu:0.2;0.317510744301685;0.0034316198450331965;0.785974025974026;0.013655521483734981;0.45229440403810467;0.005517477081386416;0.6306468090746609;0.014477354158813713;0.1777496839443742;0.007756187939407318;0.2772429669789106;0.009913666900444184;0.4740787766881729;0.008940916549148463;0.4818618549592001;0.006289567830290842;0.36476868550850766;0.00578869451100709;0.5281320259644604;0.01085133951263857;0.37687074829931977;0.005266619920817014;0.33455147315900385;0.00699260093325388;0.37687074829931977;0.005266619920817014;0.16713955402374267;0.0456189224418659
kernel:poly_gamma:auto_nu:0.25;0.31397794137999513;0.002290875939467104;0.7283116883116884;0.007545890413679977;0.4387772738150847;0.0026926313934246575;0.6300187166369351;0.00869702402518509;0.22541087231352716;0.011166026531859188;0.33193018100635574;0.013140395742871569;0.47199832900846506;0.005472493597583984;0.47686128031260777;0.004119266388239982;0.3853537274107202;0.007072956894344294;0.5265529866421035;0.006584052768680822;0.39005102040816325;0.006120677181268066;0.3669098840092134;0.009129126672806333;0.39005102040816325;0.006120677181268066;0.17711338996887208;0.006760277063342671
kernel:poly_gamma:auto_nu:0.3;0.3162685832596231;0.004063749586692067;0.6818181818181819;0.01186020785125286;0.43208730629299774;0.005700750941362343;0.6459041964780156;0.010021084446278415;0.28255372945638435;0.010196407105653203;0.3930551813865058;0.011002284429956787;0.48108638986881924;0.007034704560027224;0.48218595563728306;0.006558612520245919;0.41257124383975174;0.00697351479266853;0.5379877754838991;0.008064839910321564;0.413265306122449;0.006792083519631248;0.4058335556118454;0.008201837829198762;0.413265306122449;0.006792083519631248;0.2044915199279785;0.004849858369976816
kernel:poly_gamma:auto_nu:0.35;0.3152585961796867;0.0068203113012642235;0.6366233766233766;0.015076126608759954;0.4216737076354649;0.008979451614929924;0.6488377029442137;0.013433499637454566;0.32692793931731984;0.012707794561951017;0.4347071860529713;0.013559541945979962;0.4820481495619502;0.010119354783012128;0.48177565797034827;0.010261829039071756;0.4281904468442182;0.010165488380561694;0.5396302572772554;0.011262491417793908;0.4283163265306122;0.010225671604227686;0.43044027347581143;0.011162541674778358;0.4283163265306122;0.010225671604227686;0.23499903678894044;0.00540295337844961
kernel:poly_gamma:auto_nu:0.4;0.31178509826771034;0.00908477396287991;0.587012987012987;0.01898059834435856;0.40723065341447323;0.011860321200021885;0.6474497854280428;0.014880348219555114;0.36927939317319847;0.014584657306757273;0.4702259672381738;0.014851830761607848;0.4796174418478765;0.01197347931408887;0.4781461900930927;0.012797145312534704;0.4387283103263234;0.012115353452818596;0.5375595604648387;0.012975605374622171;0.44056122448979596;0.012366237892094295;0.4496025014030337;0.01283000843826969;0.44056122448979596;0.012366237892094295;0.32659006118774414;0.09091713208012359
kernel:poly_gamma:auto_nu:0.45;0.3126603067086601;0.010976023539954667;0.5371428571428571;0.021879937338859932;0.3952195484039917;0.014284498703404066;0.6537114272483359;0.014212657689063398;0.42528445006321114;0.013793356962817551;0.5152474043418261;0.013450501117618615;0.48318586697849797;0.012589753600593619;0.48121365360303414;0.014056615120287297;0.455233476372909;0.01267852627955815;0.5420577865954658;0.013149176783973399;0.4619047619047619;0.012810537132834343;0.4759525705526542;0.01267023413175876;0.4619047619047619;0.012810537132834343;0.4649311065673828;0.1026132978242142
kernel:poly_gamma:auto_nu:0.5;0.3158070471288703;0.012148871403514413;0.49012987012987014;0.028263989367337906;0.38404267113523305;0.017237929437434935;0.6610107005951715;0.01216501271161678;0.48356510745891274;0.012783658922981467;0.5584184672656319;0.010267326158467498;0.488408873862021;0.012152313678082787;0.4868474887943915;0.013792974102368624;0.47123056920043255;0.011507831171783023;0.5479975997579896;0.012155652655787618;0.48571428571428577;0.010734512815006461;0.5013311530562752;0.010370180800831571;0.48571428571428577;0.010734512815006461;0.3669028997421265;0.006054240617521662
kernel:poly_gamma:auto_nu:0.55;0.31419164251056986;0.010130742541796614;0.43740259740259735;0.025241622053519663;0.36561731894873856;0.015452543754637;0.6619122792052796;0.007956848534006382;0.5357774968394436;0.010157931442023097;0.5921107145077819;0.006091323374491426;0.4880519608579246;0.009038984233881437;0.4865900471210205;0.010114287791163402;0.4788640167282602;0.00824929042387492;0.5480751660016543;0.008664118771662496;0.5035714285714287;0.006484923797597818;0.5179610909616665;0.006447316218217536;0.5035714285714287;0.006484923797597818;0.3914794445037842;0.005721084649884907
kernel:poly_gamma:auto_nu:0.6;0.3150344357862921;0.011532392379598189;0.3841558441558442;0.02238744076027688;0.3460995037518816;0.01569399551184273;0.6646150513043809;0.007459714478161652;0.5938053097345132;0.0105477379942433;0.6271555358771316;0.00699211380487041;0.48982474354533645;0.009491219366292837;0.48898057694517877;0.010276887888443564;0.48662751981450664;0.009409382897980267;0.5501690164621496;0.008788433294710254;0.5251700680272109;0.007887563690683821;0.5351431444075557;0.007842107925981332;0.5251700680272109;0.007887563690683821;0.6088042974472045;0.1299809690308615
kernel:poly_gamma:auto_nu:0.65;0.3122474027133033;0.013101179050633401;0.33792207792207796;0.019625435012845294;0.3245052989437882;0.015637380804940686;0.6644138018135725;0.007014108771962083;0.6379266750948167;0.010848767612098567;0.6508580760194851;0.007555079894385112;0.48833060226343783;0.010054946155252521;0.4879243765084473;0.010370850120316027;0.48768168748163665;0.01011897040328804;0.5491212306795558;0.00900424618097634;0.5397108843537415;0.008861915101491692;0.5440163930482746;0.008706683243666132;0.5397108843537415;0.008861915101491692;0.4307399272918701;0.010183346768752287
kernel:poly_gamma:auto_nu:0.7;0.30383951112571117;0.01718334589477463;0.28935064935064936;0.02434363535347529;0.29630646114949777;0.020548112293979612;0.6622035423933359;0.007408348205871805;0.6778761061946902;0.010483141563402232;0.6698964093953108;0.006840977321959847;0.4830215267595235;0.012290103374523423;0.48361337777266983;0.011749967708465554;0.48310143527240423;0.012118635554045671;0.5448819845378636;0.01060263223523528;0.5506802721088435;0.00895243006003526;0.5475901763386457;0.009617831225752885;0.5506802721088435;0.00895243006003526;0.4553367137908936;0.026578817794123306
kernel:poly_gamma:auto_nu:0.75;0.3052716711204888;0.021384465084503604;0.24181818181818185;0.02667748698225362;0.26963693873766975;0.0242823132962083;0.6651567736046109;0.007295129296392133;0.7328697850821745;0.014021475767463718;0.6972999914163064;0.008028316547641492;0.48521422236254985;0.014327701630545813;0.48734398345017815;0.012332451197243388;0.4834684650769881;0.013754346769077727;0.5473372460056424;0.011894878061387965;0.5721088435374149;0.009958786375481195;0.5572912539322289;0.010721846658490899;0.5721088435374149;0.009958786375481195;0.6413232088088989;0.14678931702689094
kernel:poly_gamma:auto_nu:0.8;0.29862971324103543;0.026095932050624913;0.18831168831168832;0.022108458637575754;0.23076965342105407;0.023686915756501746;0.6652526103345442;0.006774502034815908;0.7850821744627053;0.013848863653733664;0.7201722919754634;0.008409686557186859;0.4819411617877898;0.016423000942164517;0.48669693138719694;0.012198349301038632;0.4754709726982589;0.014217033461610766;0.5452272571194074;0.0130864686728868;0.5897108843537415;0.010970706032688227;0.5599511900677699;0.011447324380853437;0.5897108843537415;0.010970706032688227;0.4055271863937378;0.014468325235980675
kernel:poly_gamma:auto_nu:0.85;0.2974944135493562;0.02884526786628825;0.14311688311688311;0.02193075473019397;0.19302535582059002;0.0255256213439474;0.6673080033616008;0.005325227790639486;0.836409608091024;0.010021704769965327;0.7423159055155544;0.00537076378748886;0.4824012084554786;0.017075150291823122;0.48976324560395357;0.010191912327417965;0.4676706306680723;0.013946394921125847;0.5462380781254492;0.013013572821801721;0.609438775510204;0.007775382986800084;0.5624886422225601;0.010216444595915539;0.609438775510204;0.007775382986800084;0.40707926750183104;0.04638347323129457
kernel:poly_gamma:auto_nu:0.005;0.3286399356565973;0.0005763432749580038;0.9942857142857143;0.0036363636363636377;0.49399817750288344;0.0009768902440147934;0.8272466422466422;0.09106442903111622;0.011378002528445006;0.0030446509680890762;0.022413132020866765;0.00593939689593216;0.5779432889516198;0.0456963601238538;0.5028318584070797;0.0012972379223772184;0.25820565476187507;0.0029117935692928383;0.6640123037796632;0.06135893914703399;0.33316326530612245;0.0014629804875922966;0.17680109333938412;0.003943577238263247;0.33316326530612245;0.0014629804875922966;0.026966786384582518;0.002326334632959486
kernel:poly_gamma:auto_nu:0.01;0.3296352323686387;0.0009454263833437939;0.9877922077922078;0.004032253167859747;0.4943126802607347;0.001449826529292879;0.7908571025824358;0.054390238734607105;0.02225031605562579;0.0033543613556059667;0.043255554863083155;0.006355284985606933;0.5602461674755371;0.027650482618197483;0.5050212619239168;0.002108973035983494;0.2687841175619089;0.003414634969495611;0.639861847452919;0.036881966397852566;0.3383503401360544;0.002166282177356636;0.19092306615398097;0.004405844922531036;0.3383503401360544;0.002166282177356636;0.03371994495391846;0.003169786014677656
kernel:poly_gamma:auto_nu:0.015;0.32950464222824893;0.0012109302224199067;0.9833766233766233;0.004675324675324677;0.4936110372146948;0.001797967408678018;0.7634449444451816;0.05664062080090676;0.02604298356510746;0.004238446173006374;0.050329540167437535;0.007968208142719754;0.5464747933367152;0.028904692369672545;0.5047098034708652;0.0026889226467430544;0.27197028869106615;0.004374851878376773;0.6213811550289239;0.038480044106659145;0.3394557823129252;0.0028406961034847153;0.19545145884362294;0.005588966374632327;0.3394557823129252;0.0028406961034847153;0.039281487464904785;0.003974520930776016
kernel:poly_gamma:auto_nu:0.02;0.3288713428967226;0.0015507128273756685;0.9763636363636363;0.006617007378107533;0.4920134834081799;0.0024023355055254633;0.7248867771863488;0.05935940389762476;0.030214917825537296;0.005195631501399372;0.05795197880589831;0.009640883202433708;0.5268790600415357;0.03044980782392822;0.5032892770945868;0.0034304189535494583;0.2749827311070391;0.0052057754297238495;0.5952388671510545;0.040430456337901814;0.3399659863945578;0.0034183250411975834;0.2000554475745024;0.0066933735338652834;0.3399659863945578;0.0034183250411975834;0.046344876289367676;0.0016848722851695603
kernel:poly_gamma:auto_nu:0.025;0.32799980101677095;0.0019352913451791342;0.9693506493506494;0.00859893265311525;0.49014477026436987;0.0030810960501321313;0.6928657689076565;0.06158252945690427;0.03337547408343868;0.005935117367537548;0.06359986805710158;0.0108554006813422;0.5104327849622137;0.03175226550200497;0.501363061717044;0.004257969786813557;0.27687231916073574;0.005833518280435724;0.5734156008481404;0.042050740118191564;0.33979591836734696;0.003973918859029913;0.2032425443749573;0.007500998115650053;0.33979591836734696;0.003973918859029913;0.054058074951171875;0.005698391318735153
kernel:poly_gamma:auto_nu:0.03;0.32741899887726145;0.0022836673287140175;0.963116883116883;0.00794652391728746;0.4886977209533808;0.0033829846322594834;0.6722566568315996;0.06618755305572598;0.03704171934260429;0.006594589813271796;0.0701449967334365;0.012039831918532693;0.49983782785443054;0.034233920199273925;0.5000793012297436;0.005011549434160319;0.27942135884340863;0.006968683925897577;0.5593633759536913;0.045265512283702826;0.34022108843537413;0.0050083518104174305;0.20717118621020397;0.0086684503728012;0.34022108843537413;0.0050083518104174305;0.052955222129821775;0.012307137116482058
kernel:poly_gamma:auto_nu:0.035;0.32694765208168686;0.002154153182838633;0.9574025974025974;0.007364907469484586;0.4874361217178139;0.003221317112544135;0.6619487164920411;0.05336152010303419;0.04070796460176991;0.005446437225926174;0.07665522809366201;0.009899721914947899;0.49444818428686393;0.027755152656697004;0.49905528100218366;0.004700302262521365;0.28204567490573795;0.005926385577391682;0.5522757489767465;0.036595410510856616;0.3408163265306122;0.004496361927347724;0.21113706826823556;0.0072471387194397545;0.3408163265306122;0.004496361927347724;0.03802368640899658;0.0021564736780268455
kernel:poly_gamma:auto_nu:0.04;0.32673627309638775;0.002315538570931412;0.9519480519480519;0.007984636960488001;0.4864918386881369;0.0034898268037794377;0.6591755690546013;0.048275042226231184;0.045259165613147904;0.005446437225926173;0.08465786558072859;0.009788399767897618;0.4929559210754945;0.025293205488740842;0.4986036087806;0.005016030164289154;0.28557485213443273;0.005960866693097621;0.5503412757349481;0.03322737821546256;0.3420918367346939;0.004673777579476639;0.2162106543956539;0.007222841007315513;0.3420918367346939;0.004673777579476639;0.04001197814941406;0.0013961049528196572
kernel:poly_gamma:auto_nu:0.045;0.3266872173876965;0.002635823214925988;0.949090909090909;0.009161138747297872;0.48606309808505327;0.003988293855964331;0.6591789343650738;0.05305797043503057;0.047914032869785086;0.006048482282632457;0.08927860874681712;0.010809661008512985;0.4929330758763852;0.02784416577178711;0.49850247098034706;0.005700167588175907;0.28767085341593523;0.006621430470706476;0.5503274794022419;0.03654888719161601;0.34294217687074835;0.005256312741675378;0.21917829275635872;0.007997108805449456;0.34294217687074835;0.005256312741675378;0.04518139362335205;0.0045811831726827595
kernel:poly_gamma:auto_nu:0.05;0.3259691505230685;0.002891160180110994;0.9428571428571428;0.009992407304764339;0.48444871552522617;0.004379982890900571;0.6474920534229969;0.05417570321639039;0.051074589127686476;0.006401511454448628;0.09462051684674835;0.011361137636037999;0.4867306019730327;0.02853043475262651;0.49696586599241466;0.006230485731961887;0.2895346161859872;0.007048948957264641;0.5422315792593299;0.03738410605113239;0.3430272108843538;0.005694105116592926;0.2222428437950595;0.008459919698249508;0.3430272108843538;0.005694105116592926;0.04802460670471191;0.002257876508356686
kernel:poly_gamma:auto_nu:0.055;0.32617001860486206;0.0031154284325398593;0.938961038961039;0.01208560012896815;0.4841529637106041;0.004897756883093812;0.6541603232590382;0.05308277239301481;0.05587863463969659;0.006539831684640992;0.10287657175838553;0.011415037753558989;0.49016517093195;0.02809232448200121;0.4974198368003678;0.006676887477295386;0.2935147677344948;0.00690347424582322;0.5467825449496353;0.03671984944732424;0.3449829931972789;0.0057175494809572295;0.22769920007607616;0.008338139435825715;0.3449829931972789;0.0057175494809572295;0.05253725051879883;0.004716657509686434
kernel:poly_gamma:auto_nu:0.06;0.32631560077043875;0.0032439242978884557;0.9348051948051948;0.012695427958285653;0.4837580498320066;0.005108590767866028;0.6579661604677085;0.05095665867042898;0.060682680151706705;0.006924431826866827;0.11101914278012144;0.011959779755619116;0.4921408806190736;0.027090661063226024;0.4977439374784508;0.0069171832268735975;0.297388596306064;0.007171847283152655;0.5493900843763404;0.03532991332921348;0.34685374149659864;0.005921323251208737;0.2330467611602029;0.008693110205121746;0.34685374149659864;0.005921323251208737;0.05499300956726074;0.0036039309755246064
kernel:poly_gamma:auto_nu:0.065;0.32595522072493;0.0030277285873299385;0.92987012987013;0.011557711927941297;0.4826995892767762;0.004693875741598443;0.6529513472583856;0.04485564156744259;0.0640960809102402;0.007241468263777338;0.1166395547269963;0.01242233276120571;0.4894532839916578;0.02393503007611568;0.4969831053901851;0.0064354615176665025;0.29966957200188626;0.007315907071038243;0.5458990439289804;0.03115747627454614;0.34753401360544217;0.005792932425255466;0.23648063746650755;0.008971448510722282;0.34753401360544217;0.005792932425255466;0.0581470251083374;0.0040294394248230675
kernel:poly_gamma:auto_nu:0.07;0.3257357962602469;0.00270369293899586;0.9246753246753245;0.011321815437767987;0.4817555786850874;0.0042549482858453965;0.6513024677614823;0.03627562696561518;0.0683944374209861;0.007740717833042545;0.12367452188259946;0.01302909722939259;0.4885191320108646;0.01948125981415262;0.49653488104815546;0.005707652509170309;0.3027150502838435;0.007179573274290002;0.5447181407819112;0.025279112684123046;0.3487244897959184;0.005302878172676475;0.24090343928817587;0.009098144751864816;0.3487244897959184;0.005302878172676475;0.05941164493560791;0.002047906047374791
kernel:poly_gamma:auto_nu:0.075;0.32591292990561066;0.003158449729727069;0.9205194805194805;0.011627547680830857;0.48138379525622427;0.004836395951110532;0.6547961452759423;0.04040465891802296;0.07332490518331228;0.007648284936664565;0.13178668675251534;0.012876416031460055;0.49035453759077646;0.0217733208148866;0.4969221928513964;0.00664494007709444;0.3065852410043698;0.0076582794670755835;0.5471260450058933;0.028205360622216267;0.3506802721088435;0.006098782679265676;0.24623812108408671;0.00935503485782177;0.3506802721088435;0.006098782679265676;0.06308355331420898;0.0054438317627259905
kernel:poly_gamma:auto_nu:0.08;0.32621926516527633;0.0030252805175512445;0.9174025974025974;0.011604315794123993;0.48128928898074463;0.004658110903609606;0.6594301931517317;0.035787061435919316;0.0777496839443742;0.00790012632109633;0.13899062749256677;0.013086312312427842;0.49282472915850384;0.019402469056996826;0.49757614067348566;0.006330378326547892;0.31013995823665574;0.007554000879673538;0.5503432822037848;0.025058953619281468;0.3526360544217687;0.00587965779355868;0.2510526892892917;0.009358215512573065;0.3526360544217687;0.00587965779355868;0.06527307033538818;0.003403373207540011
kernel:poly_gamma:auto_nu:0.085;0.3262151354167496;0.003097389559734548;0.9129870129870131;0.011096108760152643;0.48067690336528335;0.004752091556815031;0.660170809407959;0.03483813490308126;0.08217446270543614;0.0065933779066524876;0.14608897985175479;0.010930060408891098;0.49319297241235427;0.018962367795745064;0.49758073784622453;0.006453608716002804;0.3133829416085191;0.0068120954118729956;0.5508400828036939;0.024443133141076195;0.35416666666666663;0.005732705370980668;0.255626692906779;0.008127917414508903;0.35416666666666663;0.005732705370980668;0.07136349678039551;0.005186399164086807
